4.500000000000000000e+00 3.000000000000000000e+00 1.570000000000000062e+00
4.499864340334193358e+00 3.019999293897602577e+00 1.585153610587902939e+00
4.499425997115537257e+00 3.039994377206445275e+00 1.600270257597979917e+00
4.498685836479617173e+00 3.059980513034456617e+00 1.615349941029679881e+00
4.497644760602186764e+00 3.079953212138178742e+00 1.630392660883002831e+00
4.496303742470558973e+00 3.099908019294855155e+00 1.645398417157948767e+00
4.494663812329135588e+00 3.119840485647585204e+00 1.660367209854517911e+00
4.492726078646831489e+00 3.139746208728442678e+00 1.675299038972709820e+00
4.490491706709133446e+00 3.159620821055869389e+00 1.690193904512524936e+00
4.487961930074233052e+00 3.179459995677706985e+00 1.705051806473962817e+00
4.485138033561898219e+00 3.199259444724695811e+00 1.719872744857023905e+00
4.482021379333832378e+00 3.219014927937176473e+00 1.734656719661707980e+00
4.478613382085828931e+00 3.238722244643856829e+00 1.749403730888015041e+00
4.474915504319845638e+00 3.258377232225504461e+00 1.764113778535945087e+00
4.470929274292761768e+00 3.277975773239972135e+00 1.778786862605498120e+00
4.466656272666396532e+00 3.297513796714163448e+00 1.793422983096674139e+00
4.462098138813922255e+00 3.316987274129569840e+00 1.808022140009473144e+00
4.457256561761018254e+00 3.336392224750306390e+00 1.822584333343895135e+00
4.452133286439382331e+00 3.355724712006587396e+00 1.837109563099940113e+00
4.446730108126996761e+00 3.374980846476439922e+00 1.851597829277608076e+00
4.441048867919388243e+00 3.394156788077408393e+00 1.866049131876899247e+00
4.435091462237899407e+00 3.413248741383351437e+00 1.880463470897813183e+00
4.428859837460072058e+00 3.432252958406331711e+00 1.894840846340350327e+00
4.422355988261870152e+00 3.451165739516050657e+00 1.909181258204510456e+00
4.415581954830052780e+00 3.469983434326564531e+00 1.923484706490293794e+00
4.408539816233157715e+00 3.488702442874054288e+00 1.937751191197699674e+00
4.401231696744841493e+00 3.507319215813216484e+00 1.951980712326728762e+00
4.393659762063394147e+00 3.525830255379204914e+00 1.966173269877380836e+00
4.385826217268766314e+00 3.544232116217924666e+00 1.980328863849656118e+00
4.377733306961881787e+00 3.562521404708820505e+00 1.994447494243553942e+00
4.369383326425638536e+00 3.580694768825618546e+00 2.008529161059074752e+00
4.360778604820858995e+00 3.598748912004904099e+00 2.022573864296218993e+00
4.351921506444326404e+00 3.616680591508501408e+00 2.036581603954985997e+00
4.342814431381200713e+00 3.634486617305772160e+00 2.050552380035376210e+00
4.333459814462275794e+00 3.652163852244482811e+00 2.064486192537389186e+00
4.323860125919638087e+00 3.669709208230510278e+00 2.078383041461025371e+00
4.314017868509229636e+00 3.687119650710161345e+00 2.092242926806284764e+00
4.303935576298879795e+00 3.704392199238700556e+00 2.106065848573166921e+00
4.293615813966765060e+00 3.721523926849426900e+00 2.119851806761671842e+00
4.283061175718535729e+00 3.738511960288736891e+00 2.133600801371799971e+00
4.272274284811926393e+00 3.755353477350627411e+00 2.147312832403551308e+00
4.261257792051963200e+00 3.772045709126368607e+00 2.160987899856925409e+00
4.250014374461895450e+00 3.788585941415176350e+00 2.174626003731922275e+00
4.238546734417742101e+00 3.804971513921158177e+00 2.188227144028542348e+00
4.226857598721393217e+00 3.821199819967557421e+00 2.201791320746785630e+00
4.214949717535974472e+00 3.837268306657820371e+00 2.215318533886651675e+00
4.202825864431141589e+00 3.853174471435975690e+00 2.228808783448140929e+00
4.190488833548655201e+00 3.868915867989004997e+00 2.242262069431253391e+00
4.177941439342735208e+00 3.884490103796477634e+00 2.255678391835988617e+00
4.165186515521867250e+00 3.899894840270709651e+00 2.269057750662346606e+00
4.152226914853487827e+00 3.915127790855668533e+00 2.282400145910327804e+00
4.139065508398490856e+00 3.930186720466052108e+00 2.295705577579932211e+00
4.125705182759231704e+00 3.945069449608467060e+00 2.308974045671159381e+00
4.112148839957222357e+00 3.959773852292390206e+00 2.322205550184009759e+00
4.098399396460842503e+00 3.974297855941538060e+00 2.335400091118482901e+00
4.084459782210992707e+00 3.988639441304860256e+00 2.348557668474578808e+00
4.070332939655216364e+00 4.002796642342327793e+00 2.361678282252298366e+00
4.056021822826239465e+00 4.016767546034944125e+00 2.374761932451640245e+00
4.041529398632963677e+00 4.030550289068508540e+00 2.387808619072605332e+00
4.026858644151326772e+00 4.044143060132334710e+00 2.400818342115193627e+00
4.012012544784352208e+00 4.057544100981712809e+00 2.413791101579404685e+00
3.996994094322111390e+00 4.070751704813889482e+00 2.426726897465238952e+00
3.981806294101800425e+00 4.083764215896906080e+00 2.439625729772696427e+00
3.966452152180430790e+00 4.096580029167399495e+00 2.452487598501776667e+00
3.950934682520136132e+00 4.109197589797364714e+00 2.465312503652479670e+00
3.935256904072185868e+00 4.121615393566440133e+00 2.478100445224805881e+00
3.919421838982074746e+00 4.133831993750956002e+00 2.490851423218755301e+00
3.903432513134248438e+00 4.145845990891417365e+00 2.503565437634327484e+00
3.887291955155748546e+00 4.157656033939847617e+00 2.516242488471522876e+00
3.871003195445346989e+00 4.169260821281561391e+00 2.528882575730341031e+00
3.854569265402989053e+00 4.180659100347379642e+00 2.541485699410782395e+00
3.837993196670135276e+00 4.191849667207396379e+00 2.554051859512846523e+00
3.821278020381004836e+00 4.202831366146316583e+00 2.566581056036533859e+00
3.804426766394792825e+00 4.213603090380474647e+00 2.579073288981844403e+00
3.787442462500210549e+00 4.224163784252287002e+00 2.591528558348777711e+00
3.770328133835820772e+00 4.234512437461527945e+00 2.603946864137333783e+00
3.753086802131215372e+00 4.244648086647488050e+00 2.616328206347513063e+00
3.735721485004144249e+00 4.254569815205759831e+00 2.628672584979315552e+00
3.718235195274125715e+00 4.264276752870047815e+00 2.640980000032740804e+00
3.700630940286798953e+00 4.273768075281823897e+00 2.653250451507789265e+00
3.682911721249006121e+00 4.283043003547812866e+00 2.665483939404460489e+00
3.665080532801358260e+00 4.292100804687699167e+00 2.677680463722754478e+00
3.647140362387652157e+00 4.300940791218479831e+00 2.689840024462672119e+00
3.629094189255916536e+00 4.309562319217860704e+00 2.701962621624212080e+00
3.610944984045719064e+00 4.317964788665988429e+00 2.714048255207375693e+00
3.592695708188712089e+00 4.326147642988986242e+00 2.726096925212161626e+00
3.574349313319676202e+00 4.334110368589403350e+00 2.738108631638571211e+00
3.555908740698911608e+00 4.341852494366921889e+00 2.750083374486603560e+00
3.537376920650757484e+00 4.349373591260753180e+00 2.762021153756259118e+00
3.518756772191616644e+00 4.356673272953403675e+00 2.773921969447537439e+00
3.500051202322276733e+00 4.363751194283439716e+00 2.785785821560438524e+00
3.481263105447794270e+00 4.370607050412457895e+00 2.797612710094962818e+00
3.462395362926920406e+00 4.377240576759209745e+00 2.809402635051110320e+00
3.443450842568483328e+00 4.383651548500786532e+00 2.821155596428880585e+00
3.424432398139449329e+00 4.389839780066208341e+00 2.832871594228274059e+00
3.405342868884649210e+00 4.395805124622421900e+00 2.844550628449290297e+00
3.386185079059606640e+00 4.401547473662101417e+00 2.856192699091929743e+00
3.366961837491891707e+00 4.407066757880270913e+00 2.867797806156192397e+00
3.347675937108940403e+00 4.412362944566892153e+00 2.879365949642077371e+00
3.328330154514214989e+00 4.417436037811465432e+00 2.890897129549585998e+00
3.308927249566492090e+00 4.422286078043198287e+00 2.902391345878717388e+00
3.289469964970141991e+00 4.426913141511335859e+00 2.913848598629471542e+00
3.269961025877098582e+00 4.431317339758786389e+00 2.925268887801848905e+00
3.250403139500507965e+00 4.435498819089305655e+00 2.936652213395849476e+00
3.230798994681708614e+00 4.439457760479837312e+00 2.947998575411472810e+00
3.211151261432523718e+00 4.443194379768264035e+00 2.959307973848718909e+00
3.191462590814014177e+00 4.446708925324055706e+00 2.970580408707588660e+00
3.171735614496439037e+00 4.450001678269246419e+00 2.981815879988081175e+00
3.151972944419424660e+00 4.453072952009856422e+00 2.993014387690196454e+00
3.132177172470901105e+00 4.455923091707829187e+00 3.004175931813934941e+00
3.112350870177353013e+00 4.458552473751381306e+00 3.015300512359296192e+00
3.092496588405383218e+00 4.460961505224108947e+00 3.026388129326280652e+00
3.072616857074569108e+00 4.463150623373246972e+00 3.037438782714888319e+00
3.052714184881430981e+00 4.465120295077928958e+00 3.048452472525118306e+00
3.032791058713133481e+00 4.466871017235151342e+00 3.059429198756971946e+00
3.012849943543685516e+00 4.468403315800856923e+00 3.070368961410448350e+00
2.992893282503513941e+00 4.469717744368847612e+00 3.081271760485547961e+00
2.972923496424987544e+00 4.470814884278666135e+00 3.092137595982270337e+00
2.952942983610708172e+00 4.471695344120988125e+00 3.102966467900615477e+00
2.932954119612023458e+00 4.472359759247582112e+00 3.113758376240584269e+00
2.912959257017718073e+00 4.472808791286290386e+00 3.124513321002175381e+00
2.892960725252831100e+00 4.473043127661524565e+00 3.135231302185390145e+00
2.872960830387559561e+00 4.473063481120719942e+00 3.145912319790227674e+00
2.852961854933357078e+00 4.472870589134781305e+00 3.156556373816687966e+00
2.832966057354326050e+00 4.472465211595571866e+00 3.167163464264771466e+00
2.812975672299105501e+00 4.471848132643491347e+00 3.177733591134477731e+00
2.792992910418961916e+00 4.471020160044645309e+00 3.188266754425807203e+00
2.773019958137517893e+00 4.469982124238622845e+00 3.198762954138759884e+00
2.753058977509701855e+00 4.468734877855920828e+00 3.209222190273335329e+00
2.733112106089689242e+00 4.467279295240195403e+00 3.219644462829533982e+00
2.713181456807741920e+00 4.465616271975644480e+00 3.230029771807355399e+00
2.693269117855887629e+00 4.463746724419830336e+00 3.240378117206800024e+00
2.673377152582353311e+00 4.461671589242259373e+00 3.250689499027867413e+00
2.653507599324496979e+00 4.459391822557327245e+00 3.260963917270557566e+00
2.633662471129522231e+00 4.456908398354888057e+00 3.271201371934871371e+00
2.613843756051090317e+00 4.454222310265638640e+00 3.281401863020807497e+00
2.594053416934517742e+00 4.451334570283967729e+00 3.291565390528367274e+00
2.574293391326893055e+00 4.448246208181702244e+00 3.301691954457549816e+00
2.554565591414793779e+00 4.444958271042646736e+00 3.311781554808355565e+00
2.534871903969619034e+00 4.441471822801443814e+00 3.321834191580784079e+00
2.515214190300440578e+00 4.437787943786912770e+00 3.331849864774835357e+00
2.495594286214274593e+00 4.433907730270068015e+00 3.341828574390510287e+00
2.476014001983675605e+00 4.429832294016978089e+00 3.351770320427807537e+00
2.456475122228545693e+00 4.425562761450094307e+00 3.361675102886728439e+00
2.436979405902149232e+00 4.421100273228708133e+00 3.371542921767272105e+00
2.417528586429165571e+00 4.416445984453004847e+00 3.381373777069438535e+00
2.398124371612731842e+00 4.411601063859232674e+00 3.391167668793228174e+00
2.378768443632662599e+00 4.406566693380193911e+00 3.400924596938641020e+00
2.359462459050394756e+00 4.401344067711620234e+00 3.410644561505676187e+00
2.340208048820218156e+00 4.395934393883126567e+00 3.420327562494335005e+00
2.321006818306676767e+00 4.390338890833870522e+00 3.429973599904616588e+00
2.301860347308032129e+00 4.384558788993040856e+00 3.439582673736521379e+00
2.282770190082790585e+00 4.378595329852395857e+00 3.449154783990048934e+00
2.263737875311465420e+00 4.372449765228470397e+00 3.458689930665199253e+00
2.244764906216064837e+00 4.366123357208970823e+00 3.468188113761972780e+00
2.225852760614864145e+00 4.359617377790292458e+00 3.477649333280369515e+00
2.207002890948649654e+00 4.352933108368437942e+00 3.487073589220389014e+00
2.188216724336032204e+00 4.346071839341234977e+00 3.496460881582031721e+00
2.169495662633871724e+00 4.339034869715473697e+00 3.505811210365297192e+00
2.150841082502696455e+00 4.331823506719030270e+00 3.515124575570185872e+00
2.132254335476999607e+00 4.324439065418103745e+00 3.524400977196697760e+00
2.113736748040301983e+00 4.316882868339635415e+00 3.533640415244832411e+00
2.095289621701662774e+00 4.309156245036102284e+00 3.542842889714589827e+00
2.076914233066204929e+00 4.301260531448270363e+00 3.552008400605970451e+00
2.058611833946987879e+00 4.293197070001856019e+00 3.561136947918974283e+00
2.040383651450532909e+00 4.284967209105444041e+00 3.570228531653600879e+00
2.022230888071643751e+00 4.276572302755088373e+00 3.579283151809850683e+00
2.004154721794120686e+00 4.268013710180632359e+00 3.588300808387723251e+00
1.986156306195372645e+00 4.259292795497146678e+00 3.597281501387219027e+00
1.968236770554826931e+00 4.250410927361564006e+00 3.606225230808337567e+00
1.950397219966005347e+00 4.241369478634569923e+00 3.615131996651079316e+00
1.932638735452153478e+00 4.232169826047828209e+00 3.624001798915443828e+00
1.914962374101853548e+00 4.222813349734348520e+00 3.632834637601431993e+00
1.897369169199563999e+00 4.213301432836412452e+00 3.641630512709042478e+00
1.879860130311764355e+00 4.203635461528395290e+00 3.650389424238276614e+00
1.862436243436222938e+00 4.193816824528838083e+00 3.659111372189133071e+00
1.845098471134961393e+00 4.183846912783864447e+00 3.667796356561612736e+00
1.827847752669722547e+00 4.173727119159353904e+00 3.676444377355715165e+00
1.810685004140234922e+00 4.163458838138258677e+00 3.685055434571441246e+00
1.793611118625176193e+00 4.153043465523118094e+00 3.693629528208790092e+00
1.776626966325709045e+00 4.142482398143792821e+00 3.702166658267761701e+00
1.759733394713192789e+00 4.131777033564649315e+00 3.710666824748356518e+00
1.742931228774548202e+00 4.120928769472953945e+00 3.719130027650574100e+00
1.726221271064385610e+00 4.109939003737372865e+00 3.727556266974414889e+00
1.709604301824372508e+00 4.098809134250461561e+00 3.735945542719878887e+00
1.693081079183386350e+00 4.087540558508617750e+00 3.744297854886965204e+00
1.676652339315477747e+00 4.076134673347458381e+00 3.752613203475675174e+00
1.660318796599695501e+00 4.064592874682452006e+00 3.760891588486007908e+00
1.644081143781650267e+00 4.052916557254828689e+00 3.769133009917963406e+00
1.627940052136721105e+00 4.041107114382819887e+00 3.777337467771542556e+00
1.611896171634777719e+00 4.029165937718254931e+00 3.785504962046744026e+00
1.595950131106311787e+00 4.017094417008547858e+00 3.793635492743568705e+00
1.580102538409868140e+00 4.004893939864133223e+00 3.801729059862016591e+00
1.564353980600655891e+00 3.992565891531354882e+00 3.809785663402087241e+00
1.548705024178033796e+00 3.980111654468581950e+00 3.817805303363781544e+00
1.533156215583752147e+00 3.967532607278412282e+00 3.825787979747098166e+00
1.517708080758880529e+00 3.954830126095029375e+00 3.833733692552037997e+00
1.502361125516717966e+00 3.942005583857574713e+00 3.841642441778601036e+00
1.487115835771702477e+00 3.929060349965163290e+00 3.849514227426786839e+00
1.471972677717987121e+00 3.915995790069775495e+00 3.857349049496595406e+00
1.456932098008752785e+00 3.902813265874015780e+00 3.865146907988027181e+00
1.441994523936133810e+00 3.889514134933740319e+00 3.872907802901082164e+00
1.427160363611675642e+00 3.876099750465581195e+00 3.880631734235759911e+00
1.412430006147205486e+00 3.862571461159362673e+00 3.888318701992060866e+00
1.397803821836017590e+00 3.848930610995433987e+00 3.895968706169984586e+00
1.383282162334276810e+00 3.835178539066925296e+00 3.903581746769531513e+00
1.368865360842522971e+00 3.821316579406937919e+00 3.911157823790701205e+00
1.354553732593874571e+00 3.807346060359260598e+00 3.918696937233494104e+00
1.340347575006659353e+00 3.793268304458780715e+00 3.926199087097909768e+00
1.326247167313218567e+00 3.779084629104695114e+00 3.933664273383948640e+00
1.312252771070625990e+00 3.764796345911369801e+00 3.941092496091610275e+00
1.298364630349850612e+00 3.750404760547363381e+00 3.948483755220895119e+00
1.284582971922672012e+00 3.735911172582096818e+00 3.955838050771803172e+00
1.270908005448407652e+00 3.721316875336893482e+00 3.963155382744333988e+00
1.257339923660371950e+00 3.706623155740377484e+00 3.970435751138488012e+00
1.243878902551981191e+00 3.691831294188235635e+00 3.977679155954264800e+00
1.230525101562395696e+00 3.676942564407323477e+00 3.984885597191664797e+00
1.217278663761631075e+00 3.661958233324119405e+00 3.992055074850687557e+00
1.204139716035027563e+00 3.646879560937518416e+00 3.999187588931333082e+00
1.191108369301798975e+00 3.631707800159881039e+00 4.006283139433603147e+00
1.178184719264508962e+00 3.616444196111304965e+00 4.013341726357494643e+00
1.165368845841223466e+00 3.601089986782580077e+00 4.020363349703009348e+00
1.152660813387042404e+00 3.585646402883306383e+00 4.027348009470147261e+00
1.140060671051151164e+00 3.570114667552711563e+00 4.034295705658908382e+00
1.127568452963253254e+00 3.554495996250393475e+00 4.041206438269291823e+00
1.115184178419228234e+00 3.538791596650846749e+00 4.048080207301299360e+00
1.102907852065929228e+00 3.523002668541750815e+00 4.054917012754929218e+00
1.090739464085055621e+00 3.507130403726005596e+00 4.061716854630182283e+00
1.078678990376011448e+00 3.491175985927486902e+00 4.068479732927057668e+00
1.066726392737680662e+00 3.475140590700501519e+00 4.075205647645557150e+00
1.054881619049044428e+00 3.459025385342930470e+00 4.081894598785678951e+00
1.043144603448551866e+00 3.442831528813024455e+00 4.088546586347423961e+00
1.031515266703590505e+00 3.426560171524495324e+00 4.095161610330791291e+00
1.019993516745280271e+00 3.410212455036046197e+00 4.101739670735782717e+00
1.008579247936824297e+00 3.393789512572890743e+00 4.108280767562396463e+00
9.972723416322909484e-01 3.377292468705781925e+00 4.114784900810633417e+00
9.860726663939114456e-01 3.360722439256145666e+00 4.121252070480493579e+00
9.749800781703956698e-01 3.344080531229180586e+00 4.127682276571976061e+00
9.639944204739698819e-01 3.327367842750136084e+00 4.134075519085081751e+00
9.531155245560820610e-01 3.310585463003743900e+00 4.140431798019811538e+00
9.423432095817152465e-01 3.293734472176776951e+00 4.146751113376162756e+00
9.316772828022353847e-01 3.276815941403694143e+00 4.153033465154138071e+00
9.211175397267257203e-01 3.259830932715357399e+00 4.159278853353736594e+00
9.106637642917320141e-01 3.242780498990772475e+00 4.165487277974957436e+00
9.003157290307117755e-01 3.225665683911287385e+00 4.171658739017801487e+00
8.900731957054630605e-01 3.208487521729783687e+00 4.177793236482267858e+00
8.799359151268257850e-01 3.191247037370761319e+00 4.183890770368358325e+00
8.699036269628676044e-01 3.173945246537677178e+00 4.189951340676071112e+00
8.599760601981059072e-01 3.156583155558449594e+00 4.195974947405407107e+00
8.501529332998694066e-01 3.139161761351750624e+00 4.201961590556366311e+00
8.404339543831230719e-01 3.121682051395927804e+00 4.207911270128947834e+00
8.308188213736982242e-01 3.104145003700510497e+00 4.213823986123153453e+00
8.213072221698904940e-01 3.086551586780279965e+00 4.219699738538981393e+00
8.118988348023676860e-01 3.068902759631848109e+00 4.225538527376432540e+00
8.025933275923433641e-01 3.051199471712724876e+00 4.231340352635506008e+00
7.933903593079701944e-01 3.033442662922834376e+00 4.237105214316203572e+00
7.842895793188957576e-01 3.015633263588436197e+00 4.242833112418523456e+00
7.752906278187193800e-01 2.997772194435309068e+00 4.248524046942467436e+00
7.663931364654885670e-01 2.979860366485325152e+00 4.254178017888032848e+00
7.575967277361195240e-01 2.961898681196717398e+00 4.259795025255222356e+00
7.489010152654287378e-01 2.943888030421152546e+00 4.265375069044034184e+00
7.403056040968071239e-01 2.925829296379237832e+00 4.270918149254469220e+00
7.318100908317720643e-01 2.907723351656849697e+00 4.276424265886527465e+00
7.234140637777902727e-01 2.889571059203531078e+00 4.281893418940208029e+00
7.151171030943395124e-01 2.871373272332927495e+00 4.287325608415512690e+00
7.069187809371765274e-01 2.853130834725227771e+00 4.292720834312439671e+00
6.988186616007679985e-01 2.834844580431558736e+00 4.298079096630989859e+00
6.908163016588564354e-01 2.816515333880313499e+00 4.303400395371162368e+00
6.829112501031199267e-01 2.798143909885354219e+00 4.308684730532958973e+00
6.751030484798906661e-01 2.779731113656067620e+00 4.313932102116377898e+00
6.673912312493195387e-01 2.761277740811092674e+00 4.319142510121420031e+00
6.597753260361307603e-01 2.742784577392930689e+00 4.324315954548085372e+00
6.522548531400544913e-01 2.724252399878165143e+00 4.329452435396373033e+00
6.448293259853847825e-01 2.705681975197187228e+00 4.334551952666283903e+00
6.374982512628031284e-01 2.687074060753031457e+00 4.339614506357817980e+00
6.302611290600542704e-01 2.668429404441770902e+00 4.344640096470975266e+00
6.231174529908269921e-01 2.649748744674476075e+00 4.349628723005755759e+00
6.160667103218224749e-01 2.631032810400732558e+00 4.354580385962158573e+00
6.091083820979806829e-01 2.612282321133658769e+00 4.359495085340184595e+00
6.022419432658414618e-01 2.593497986976388781e+00 4.364372821139833825e+00
5.954668627950188142e-01 2.574680508649995314e+00 4.369213593361106263e+00
5.887826037977583749e-01 2.555830577522789859e+00 4.374017402004001021e+00
5.821886236573664553e-01 2.536948875643151524e+00 4.378784247068519875e+00
5.756843745194819562e-01 2.518036075846570743e+00 4.383514128554661049e+00
5.692693029844753116e-01 2.499092841704707801e+00 4.388207046462424543e+00
5.629428501471471780e-01 2.480119827545506972e+00 4.392863000791812134e+00
5.567044518599633118e-01 2.461117678519589180e+00 4.397481991542822044e+00
5.505535388458369095e-01 2.442087030638157241e+00 4.402064018715455163e+00
5.444895368091584587e-01 2.423028510812083258e+00 4.406609082309711489e+00
5.385118665450618902e-01 2.403942736892157317e+00 4.411117182325591024e+00
5.326199440469125967e-01 2.384830317710458836e+00 4.415588318763092879e+00
5.268131806119984439e-01 2.365691853122799060e+00 4.420022491622217942e+00
5.210909829454150044e-01 2.346527934052226261e+00 4.424419700902966213e+00
5.154527532621240304e-01 2.327339142533528360e+00 4.428779946605337692e+00
5.098978893871743967e-01 2.308126051758716102e+00 4.433103228729331491e+00
5.044257849317432818e-01 2.288889226154441126e+00 4.437389547274948498e+00
4.990358296453352716e-01 2.269629221531352492e+00 4.441638902242188713e+00
4.937274089906353303e-01 2.250346584924878268e+00 4.445851293631052137e+00
4.884999044235791565e-01 2.231041854719002515e+00 4.450026721441537880e+00
4.833526935235132882e-01 2.211715560711781769e+00 4.454165185673647720e+00
4.782851500864936933e-01 2.192368224167680957e+00 4.458266686327379880e+00
4.732966442169196375e-01 2.173000357870734423e+00 4.462331223402734359e+00
4.683865424175009951e-01 2.153612466178516094e+00 4.466358796899712935e+00
4.635542076775484577e-01 2.134205045076868590e+00 4.470349406818313831e+00
4.587989995595804782e-01 2.114778582235368187e+00 4.474303053158538823e+00
4.541202742842429529e-01 2.095333557063495888e+00 4.478219735920385247e+00
4.495173848135292638e-01 2.075870440767465741e+00 4.482099455103855767e+00
4.449896809323002911e-01 2.056389696407700640e+00 4.485942210708949496e+00
4.405365095058333957e-01 2.036891779066836161e+00 4.489748002735665544e+00
4.361572144984381394e-01 2.017377135871574190e+00 4.493516831184004801e+00
4.318511367980891191e-01 1.997846205896154581e+00 4.497248696053967265e+00
4.276176144545066338e-01 1.978299420323124780e+00 4.500943597345552050e+00
4.234559827556830247e-01 1.958737202505733022e+00 4.504601535058760930e+00
4.193655743026608596e-01 1.939159968030752967e+00 4.508222509193592131e+00
4.153457190827873347e-01 1.919568124781850571e+00 4.511806519750045652e+00
4.113957445414453407e-01 1.899962073003472529e+00 4.515353566728123269e+00
4.075149756522573052e-01 1.880342205365211683e+00 4.518863650127823206e+00
4.037027349857651992e-01 1.860708907026638492e+00 4.522336769949147239e+00
3.999583427765836530e-01 1.841062555702552839e+00 4.525772926192092704e+00
3.962811169890259611e-01 1.821403521728635511e+00 4.529172118856662266e+00
3.926703733975365762e-01 1.801732168141746637e+00 4.532534347942855035e+00
3.891254258475652095e-01 1.782048850919562888e+00 4.535859613450670125e+00
3.856455860357828058e-01 1.762353918801863539e+00 4.539147915380108422e+00
3.822301636052437002e-01 1.742647713388634001e+00 4.542399253731169928e+00
3.788784662582757035e-01 1.722930569255251676e+00 4.545613628503853754e+00
3.755897998156355611e-01 1.703202814022273026e+00 4.548791039698161676e+00
3.723634682743092728e-01 1.683464768425578795e+00 4.551931487314091918e+00
3.691987738639578853e-01 1.663716746386828982e+00 4.555034971351645368e+00
3.660950171020160848e-01 1.643959055084219134e+00 4.558101491810821138e+00
3.630514968474470305e-01 1.624191995023508639e+00 4.561131048691621004e+00
3.600675103531573717e-01 1.604415860109290826e+00 4.564123641994043190e+00
3.571423533170791642e-01 1.584630937716495769e+00 4.567079271718088584e+00
3.542753199319197410e-01 1.564837508762080720e+00 4.569997937863757187e+00
3.514657029900947194e-01 1.545035847843950982e+00 4.572879640431048109e+00
3.487127940078543764e-01 1.525226223404371417e+00 4.575724379419962240e+00
3.460158830445507205e-01 1.505408897533307755e+00 4.578532154830499579e+00
3.433742588498999160e-01 1.485584126162638130e+00 4.581302966662660126e+00
3.407872089162757856e-01 1.465752159149289691e+00 4.584036814916442992e+00
3.382540195226363955e-01 1.445913240350045426e+00 4.586733699591849955e+00
3.357739757772814637e-01 1.426067607696531292e+00 4.589393620688879238e+00
3.333463616594484757e-01 1.406215493270353445e+00 4.592016578207531730e+00
3.309704600597589974e-01 1.386357123378387790e+00 4.594602572147806541e+00
3.286455528195183495e-01 1.366492718628174341e+00 4.597151602509705448e+00
3.263709207688811342e-01 1.346622494003413939e+00 4.599663669293226675e+00
3.241458437638883860e-01 1.326746658939543799e+00 4.602138772498371111e+00
3.219696007231876433e-01 1.306865417400637774e+00 4.604576912125138755e+00
3.198414697572591336e-01 1.286978968105213283e+00 4.606978088173528718e+00
3.177607281189013810e-01 1.267087504469586845e+00 4.609342300643541890e+00
3.157266521846295859e-01 1.247191214602125342e+00 4.611669549535178270e+00
3.137385175380870694e-01 1.227290281461407506e+00 4.613959834848437858e+00
3.117955990019083967e-01 1.207384882934085191e+00 4.616213156583320654e+00
3.098971706686045047e-01 1.187475191912837014e+00 4.618429514739825770e+00
3.080425059304793822e-01 1.167561376374372628e+00 4.620608909317954094e+00
3.062308775085894053e-01 1.147643599457492947e+00 4.622751340317705626e+00
3.044615574807569836e-01 1.127722019541179677e+00 4.624856807739080367e+00
3.027338173086478457e-01 1.107796790322695957e+00 4.626925311582077427e+00
3.010469278639250623e-01 1.087868060895697431e+00 4.628956851846697695e+00
2.994001594534876909e-01 1.067935975828315343e+00 4.630951428532941172e+00
2.977927818587860487e-01 1.048000675273383475e+00 4.632909041640808745e+00
2.962240644393165923e-01 1.028062295218380440e+00 4.634829691170297750e+00
2.946932760098619486e-01 1.008120967251235900e+00 4.636713377121409962e+00
2.931996849049931519e-01 9.881768187301444017e-01 4.638560099494145383e+00
2.917425590156551563e-01 9.682299728951567763e-01 4.640369858288504012e+00
2.903211658099528192e-01 9.482805489475510941e-01 4.642142653504485850e+00
2.889347723531436318e-01 9.283286621291712004e-01 4.643878485142090007e+00
2.875826453268490179e-01 9.083744238017106287e-01 4.645577353201317372e+00
2.862640510474975808e-01 8.884179415259504387e-01 4.647239257682167946e+00
2.849782554840100124e-01 8.684593191409084589e-01 4.648864198584641727e+00
2.837245242747394869e-01 8.484986568429073728e-01 4.650452175908737829e+00
2.825021227436785853e-01 8.285360512645408848e-01 4.652003189654457138e+00
2.813103159159449640e-01 8.085715955535180965e-01 4.653517239821799656e+00
2.801483685325578121e-01 7.886053794513914195e-01 4.654994326410765382e+00
2.790155450645395718e-01 7.686374893721872326e-01 4.656434449421353428e+00
2.779111098324552054e-01 7.486680087531923933e-01 4.657837608853565570e+00
2.768343269515465277e-01 7.286970179597839214e-01 4.659203804707400032e+00
2.757844602353879959e-01 7.087245940853332815e-01 4.660533036982857702e+00
2.747607732893115884e-01 6.887508112395296367e-01 4.661825305679937692e+00
2.737625295223825583e-01 6.687757406291230389e-01 4.663080610798641779e+00
2.727889921588197431e-01 6.487994506386254301e-01 4.664298952338968185e+00
2.718394242488716417e-01 6.288220069109541344e-01 4.665480330300917799e+00
2.709130886791635273e-01 6.088434724279994104e-01 4.666624744684489734e+00
2.700092481825286383e-01 5.888639075911309417e-01 4.667732195489685765e+00
2.691271653473371051e-01 5.688833703016027421e-01 4.668802682716504115e+00
2.682661026263366000e-01 5.489019160408712406e-01 4.669836206364945674e+00
2.674253223450182571e-01 5.289195979508067857e-01 4.670832766435010441e+00
2.666040867095217926e-01 5.089364669137926844e-01 4.671792362926697528e+00
2.658016578140929842e-01 4.889525716326952320e-01 4.672714995840008712e+00
2.650172976597066077e-01 4.689679587611082501e-01 4.673600665174942215e+00
2.642502682061035335e-01 4.489826731804437698e-01 4.674449370931498038e+00
2.634998312873764736e-01 4.289967576857957599e-01 4.675261113109677957e+00
2.627652486486995453e-01 4.090102531996891999e-01 4.676035891709480197e+00
2.620457819595242710e-01 3.890231988850516576e-01 4.676773706730906532e+00
2.613406928191367440e-01 3.690356322264166655e-01 4.677474558173955188e+00
2.606492427618906649e-01 3.490475891110442763e-01 4.678138446038626164e+00
2.599706932621314026e-01 3.290591039099766135e-01 4.678765370324921236e+00
2.593043057388256800e-01 3.090702095590144305e-01 4.679355331032838627e+00
2.586493415599100398e-01 2.890809376396000774e-01 4.679908328162379227e+00
2.580050620463747446e-01 2.690913184596238072e-01 4.680424361713543036e+00
2.573707284760946568e-01 2.491013811341177275e-01 4.680903431686329164e+00
2.567456020874244182e-01 2.291111536658530790e-01 4.681345538080739388e+00
2.561289440825696984e-01 2.091206630258268806e-01 4.681750680896771932e+00
2.555200156308934378e-01 1.891299352344022744e-01 4.682118860134427685e+00
2.549180779048118572e-01 1.691389956213385781e-01 4.682450075793705757e+00
2.543223920547795780e-01 1.491478687540901682e-01 4.682744327874607926e+00
2.537322191894778589e-01 1.291565783952883240e-01 4.683001616377132414e+00
2.531468203989165056e-01 1.091651476952059663e-01 4.683221941301280111e+00
2.525654567571122833e-01 8.917359927330537062e-02 4.683405302647051016e+00
2.519873893246655228e-01 6.918195529975232350e-02 4.683551700414444241e+00
2.514118791512488515e-01 4.919023757686455389e-02 4.683661134603460674e+00
2.508381872780230393e-01 2.919846762051309108e-02 4.683733605214100315e+00
2.502655747399958885e-01 9.206666741464766823e-03 4.683769112246363164e+00
2.496933025683369944e-01 -1.078514387334389424e-02 4.683767655700249222e+00
2.491206317926659142e-01 -3.077694307958385445e-02 4.683729235575757599e+00
2.485468234433264034e-01 -5.076870969439375991e-02 4.683653851872889184e+00
2.479711385536627344e-01 -7.076042241530526578e-02 4.683541504591643978e+00
2.473928381623128614e-01 -9.075205973924405090e-02 4.683392193732021980e+00
2.468111833188671445e-01 -1.107435998463532911e-01 4.683205919294022301e+00
2.462254350957131521e-01 -1.307350204189520748e-01 4.682982681277646719e+00
2.456348545693642638e-01 -1.507262987840054524e-01 4.682722479682893457e+00
2.450387028310489212e-01 -1.707174117470004471e-01 4.682425314509762515e+00
2.444362409907276101e-01 -1.907083354963971245e-01 4.682091185758255669e+00
2.438267301799149911e-01 -2.106990455219389935e-01 4.681720093428371143e+00
2.432094315546302343e-01 -2.306895165329808095e-01 4.681312037520109826e+00
2.425836062984894070e-01 -2.506797223768638672e-01 4.680867018033471716e+00
2.419485156259558178e-01 -2.706696359573195210e-01 4.680385034968455926e+00
2.413034207857630287e-01 -2.906592291529091487e-01 4.679866088325064233e+00
2.406475830645255498e-01 -3.106484727355107722e-01 4.679310178103294859e+00
2.399802637905528169e-01 -3.306373362888307965e-01 4.678717304303148694e+00
2.393007243378806881e-01 -3.506257881269733701e-01 4.678087466924625737e+00
2.386082261305360885e-01 -3.706137952130457158e-01 4.677420665967725100e+00
2.379020306471089918e-01 -3.906013230769256328e-01 4.676716901432448559e+00
2.371813994300918382e-01 -4.105883356657221150e-01 4.675976173318794338e+00
2.364455940863220973e-01 -4.305747953314795762e-01 4.675198481626762437e+00
2.356938762904038365e-01 -4.505606627787793195e-01 4.674383826356354632e+00
2.349255077927269175e-01 -4.705458969482484433e-01 4.673532207507569147e+00
2.341397504254902062e-01 -4.905304549348062926e-01 4.672643625080406871e+00
2.333358661090657316e-01 -5.105142919059365569e-01 4.671718079074867802e+00
2.325131168587191155e-01 -5.304973610199655853e-01 4.670755569490951942e+00
2.316707647917010116e-01 -5.504796133443743411e-01 4.669756096328658401e+00
2.308080721347249564e-01 -5.704609977741256222e-01 4.668719659587988069e+00
2.299243012318468171e-01 -5.904414609500128197e-01 4.667646259268940945e+00
2.290187145527605439e-01 -6.104209471770387641e-01 4.666535895371517029e+00
2.280905747015261886e-01 -6.303993983428044512e-01 4.665388567895715433e+00
2.271391444257442049e-01 -6.503767538359367384e-01 4.664204276841537045e+00
2.261636866261922674e-01 -6.703529504645332482e-01 4.662983022208981865e+00
2.251634643670973879e-01 -6.903279223714169355e-01 4.661724803998049893e+00
2.241377408870597332e-01 -7.103016009461865510e-01 4.660429622208740241e+00
2.230857796093520806e-01 -7.302739147602650416e-01 4.659097476841054686e+00
2.220068441538983472e-01 -7.502447894784982640e-01 4.657728367894991450e+00
2.209001983494894850e-01 -7.702141477768854605e-01 4.656322295370551423e+00
2.197651062465142691e-01 -7.901819092611008788e-01 4.654879259267733715e+00
2.186008321302579105e-01 -8.101479903850504760e-01 4.653399259586540104e+00
2.174066405347850062e-01 -8.301123043694390580e-01 4.651882296326968813e+00
2.161817962574197893e-01 -8.500747611203800513e-01 4.650328369489020730e+00
2.149255643738405275e-01 -8.700352671480261479e-01 4.648737479072694967e+00
2.136372102538025008e-01 -8.899937254852279267e-01 4.647109625077993300e+00
2.123159995775045494e-01 -9.099500356062296680e-01 4.645444807504913953e+00
2.109611983526152867e-01 -9.299040933453808222e-01 4.643743026353457815e+00
2.095720729319726638e-01 -9.498557908158921093e-01 4.642004281623624884e+00
2.081478900318968761e-01 -9.698050163299491988e-01 4.640228573315414273e+00
2.066879167483265944e-01 -9.897516543692141955e-01 4.638415901428827759e+00
2.051914205800373925e-01 -1.009695585444150723e+00 4.636566265963863565e+00
2.036576694498223317e-01 -1.029636686001841328e+00 4.634679666920522578e+00
2.020859317245052855e-01 -1.049574828367346724e+00 4.632756104298803912e+00
2.004754762369757026e-01 -1.069509880663132684e+00 4.630795578098709342e+00
1.988255723090024130e-01 -1.089441706728559778e+00 4.628798088320237092e+00
1.971354897748398838e-01 -1.109370166039443273e+00 4.626763634963388050e+00
1.954044990056448272e-01 -1.129295113627666991e+00 4.624692218028161328e+00
1.936318709347149836e-01 -1.149216400000874216e+00 4.622583837514558702e+00
1.918168770835676495e-01 -1.169133871062223440e+00 4.620438493422578397e+00
1.899587895888721623e-01 -1.189047368030211160e+00 4.618256185752221299e+00
1.880568812302506054e-01 -1.208956727358573735e+00 4.616036914503487409e+00
1.861104254589642237e-01 -1.228861780656248071e+00 4.613780679676376728e+00
1.841186964274977023e-01 -1.248762354607418246e+00 4.611487481270888367e+00
1.820809690140073878e-01 -1.268658270958124223e+00 4.609157319287022325e+00
1.799965188464314747e-01 -1.288549346516878913e+00 4.606790193724780380e+00
1.778646223603201626e-01 -1.308435392795193497e+00 4.604386104584161643e+00
1.756845568200856023e-01 -1.328316216060705823e+00 4.601945051865165226e+00
1.734556003523836099e-01 -1.348191617267784803e+00 4.599467035567792017e+00
1.711770319813398500e-01 -1.368061391978824926e+00 4.596952055692042016e+00
1.688481316647781616e-01 -1.387925330285657122e+00 4.594400112237915224e+00
1.664681803314642938e-01 -1.407783216731089304e+00 4.591811205205411639e+00
1.640364599193835371e-01 -1.427634830230555707e+00 4.589185334594530374e+00
1.615522534150632683e-01 -1.447479943993902785e+00 4.586522500405272318e+00
1.590148448939581738e-01 -1.467318325447296568e+00 4.583822702637636581e+00
1.564235195619126662e-01 -1.487149736155259472e+00 4.581085941291624941e+00
1.537775637977138177e-01 -1.506973931742842554e+00 4.578312216367236509e+00
1.510762651967535730e-01 -1.526790661817920114e+00 4.575501527864470397e+00
1.483189126158107607e-01 -1.546599669893630180e+00 4.572653875783326605e+00
1.455047962189712218e-01 -1.566400693310948000e+00 4.569769260123806909e+00
1.426332075246998787e-01 -1.586193463161396755e+00 4.566847680885910421e+00
1.397034394540788982e-01 -1.605977704209907708e+00 4.563889138069636253e+00
1.367147863699086641e-01 -1.625753134897264918e+00 4.560893631674985294e+00
1.336665440498170931e-01 -1.645519467859908547e+00 4.557861161701957542e+00
1.305580098733555017e-01 -1.665276408811954711e+00 4.554791728150552110e+00
1.273884828417873316e-01 -1.685023656724740970e+00 4.551685331020769887e+00
1.241572636135639673e-01 -1.704760903895323976e+00 4.548541970312610871e+00
1.208636545595196121e-01 -1.724487835873015129e+00 4.545361646026075064e+00
1.175069598193202725e-01 -1.744204131386211998e+00 4.542144358161162465e+00
1.140864853591840866e-01 -1.763909462269509287e+00 4.538890106717872186e+00
1.106015390308868890e-01 -1.783603493391103134e+00 4.535598891696205115e+00
1.070514306320667353e-01 -1.803285882580496935e+00 4.532270713096161252e+00
1.034354719678453466e-01 -1.822956280556496278e+00 4.528905570917740597e+00
9.975297691377639497e-02 -1.842614330855522509e+00 4.525503465160942262e+00
9.600326148013926808e-02 -1.862259669760230274e+00 4.522064395825767136e+00
9.218564387759134449e-02 -1.881891926228439482e+00 4.518588362912216105e+00
8.829944458419253239e-02 -1.901510721822394778e+00 4.515075366420286507e+00
8.434398641382048756e-02 -1.921115670638335882e+00 4.511525406349981004e+00
8.031859458598611390e-02 -1.940706379236409651e+00 4.507938482701297822e+00
7.622259679706776259e-02 -1.960282446570909443e+00 4.504314595474237848e+00
7.205532329099409439e-02 -1.979843463929596314e+00 4.500653744668801082e+00
6.781610674662616467e-02 -1.999389015687505378e+00 4.496955930284986636e+00
6.350428255064735628e-02 -2.018918678368689434e+00 4.493221152322796286e+00
5.911918895956345260e-02 -2.038432020203488015e+00 4.489449410782228256e+00
5.466016707325358631e-02 -2.057928601523182799e+00 4.485640705663283434e+00
5.012656091411713671e-02 -2.077407974696306781e+00 4.481795036965961820e+00
4.551771750769830621e-02 -2.096869684065512107e+00 4.477912404690262527e+00
4.083298696480704842e-02 -2.116313265884976147e+00 4.473992808836186441e+00
3.607172256514389747e-02 -2.135738248258388872e+00 4.470036249403733564e+00
3.123328084244722525e-02 -2.155144151077502457e+00 4.466042726392903894e+00
2.631702167117534741e-02 -2.174530485961264414e+00 4.462012239803697433e+00
2.132230835473539893e-02 -2.193896756195545361e+00 4.457944789636113292e+00
1.624850771527823479e-02 -2.213242456673450764e+00 4.453840375890152359e+00
1.109499018506614892e-02 -2.232567073836252636e+00 4.449698998565814634e+00
5.861129899432455242e-03 -2.251870085614928740e+00 4.445520657663099229e+00
5.463047913452298565e-04 -2.271150961372323973e+00 4.441305353182007920e+00
-4.850103312413062140e-03 -2.290409161845949448e+00 4.437053085122538931e+00
-1.032870859343034374e-02 -2.309644139091409087e+00 4.432763853484693151e+00
-1.589012114220790181e-02 -2.328855336426483902e+00 4.428437658268469690e+00
-2.153494707356280735e-02 -2.348042188976868339e+00 4.424074499473871214e+00
-2.726378850430070944e-02 -2.367204123844914410e+00 4.419674377100894169e+00
-3.307724282855173392e-02 -2.386340558334255402e+00 4.415237291149540333e+00
-3.897590294830552415e-02 -2.405450900831179961e+00 4.410763241619809705e+00
-4.496035717750276883e-02 -2.424534550785347076e+00 4.406252228511701396e+00
-5.103118913437638959e-02 -2.443590898663383193e+00 4.401704251825217185e+00
-5.718897763213846852e-02 -2.462619325903426581e+00 4.397119311560355293e+00
-6.343429656800242400e-02 -2.481619204870645135e+00 4.392497407717116609e+00
-6.976771481052228274e-02 -2.500589898813716960e+00 4.387838540295500245e+00
-7.618979608524539815e-02 -2.519530761822315945e+00 4.383142709295507977e+00
-8.270109885866024080e-02 -2.538441138785590745e+00 4.378409914717138030e+00
-8.930217622042896375e-02 -2.557320365351666069e+00 4.373640156560391290e+00
-9.599357576389555557e-02 -2.576167767888177362e+00 4.368833434825267759e+00
-1.027758394648499579e-01 -2.594982663443837545e+00 4.363989749511766547e+00
-1.096495035585458161e-01 -2.613764359711072238e+00 4.359109100619888544e+00
-1.166150984149524339e-01 -2.632512154989720798e+00 4.354191488149633749e+00
-1.236731484122314956e-01 -2.651225338151819155e+00 4.349236912101002162e+00
-1.308241718084287575e-01 -2.669903188607487987e+00 4.344245372473993783e+00
-1.380686807197709920e-01 -2.688544976468314029e+00 4.339216869268607724e+00
-1.454071814850553257e-01 -2.707149963414608784e+00 4.334151402484844873e+00
-1.528401735884795387e-01 -2.725717400955507408e+00 4.329048972122705230e+00
-1.603681498247938320e-01 -2.744246530944193019e+00 4.323909578182188795e+00
-1.679915962529213713e-01 -2.762736585714409721e+00 4.318733220663294681e+00
-1.757109920617986043e-01 -2.781186788062497417e+00 4.313519899566023774e+00
-1.835268094346367840e-01 -2.799596351231144808e+00 4.308269614890376076e+00
-1.914395134115907948e-01 -2.817964478894877889e+00 4.302982366636351585e+00
-1.994495617508343643e-01 -2.836290365147306591e+00 4.297658154803950303e+00
-2.075574047880384965e-01 -2.854573194490173549e+00 4.292296979393171341e+00
-2.157634852942406090e-01 -2.872812141824201859e+00 4.286898840404015587e+00
-2.240682383321103699e-01 -2.891006372441799588e+00 4.281463737836483041e+00
-2.324720911105993271e-01 -2.909155042021627668e+00 4.275991671690572815e+00
-2.409754628379714991e-01 -2.927257296625062732e+00 4.270482641966286685e+00
-2.495787645732163718e-01 -2.945312272694553535e+00 4.264936648663621988e+00
-2.582823990934161595e-01 -2.963319096799323926e+00 4.259353691782581386e+00
-2.670867607309266312e-01 -2.981276885796443121e+00 4.253733771323163992e+00
-2.759922352015076186e-01 -2.999184747101164117e+00 4.248076887285368919e+00
-2.849991994629663128e-01 -3.017041778493824822e+00 4.242383039669197053e+00
-2.941080215585779589e-01 -3.034847068125354319e+00 4.236652228474648396e+00
-3.033190604588591466e-01 -3.052599694524679386e+00 4.230884453701722947e+00
-3.126326659017020781e-01 -3.070298726608083673e+00 4.225079715350419818e+00
-3.220491782308549933e-01 -3.087943223690522210e+00 4.219238013420740785e+00
-3.315689282327479726e-01 -3.105532235498913884e+00 4.213359347912684072e+00
-3.411922369716628434e-01 -3.123064802187448752e+00 4.207443718826250567e+00
-3.509194156232320339e-01 -3.140539954354907515e+00 4.201491126161439382e+00
-3.607507653062763664e-01 -3.157956713064042908e+00 4.195501569918251406e+00
-3.706865769129655264e-01 -3.175314089863025213e+00 4.189475050096686637e+00
-3.807271309373017609e-01 -3.192611086808983867e+00 4.183411566696745965e+00
-3.908726974481935290e-01 -3.209846696667017163e+00 4.177311119718427612e+00
-4.011235366085026399e-01 -3.227019903760404151e+00 4.171173709161731580e+00
-4.114798971934254812e-01 -3.244129682453880559e+00 4.164999335026658756e+00
-4.219420168211799882e-01 -3.261174997670453823e+00 4.158787997313209139e+00
-4.325101219024125587e-01 -3.278154805079079193e+00 4.152539696021382731e+00
-4.431844274656326910e-01 -3.295068051139656617e+00 4.146254431151179531e+00
-4.539651369813287873e-01 -3.311913673150735260e+00 4.139932202702598651e+00
-4.648524421847858856e-01 -3.328690599299987340e+00 4.133573010675640980e+00
-4.758465228975990446e-01 -3.345397748717463760e+00 4.127176855070306516e+00
-4.869475468478918767e-01 -3.362034031531671907e+00 4.120743735886595260e+00
-4.981556694892496640e-01 -3.378598348928519179e+00 4.114273653124506325e+00
-5.094710338183602305e-01 -3.395089593213129753e+00 4.107766606784040597e+00
-5.208937701913846086e-01 -3.411506647874606557e+00 4.101222596865198078e+00
-5.324239961390504483e-01 -3.427848387653739781e+00 4.094641623367977878e+00
-5.440618161804885444e-01 -3.444113678613713869e+00 4.088023686292381775e+00
-5.558073220425412408e-01 -3.460301378237134795e+00 4.081368785638407992e+00
-5.676605922289255091e-01 -3.476410335488951731e+00 4.074676921406057417e+00
-5.796216913861536035e-01 -3.492439390870920590e+00 4.067948093595330050e+00
-5.916906704392802530e-01 -3.508387376523342205e+00 4.061182302206225003e+00
-6.038675664041490698e-01 -3.524253116311512724e+00 4.054379547238744053e+00
-6.161524021986748423e-01 -3.540035425915392775e+00 4.047539828692885422e+00
-6.285451864531593769e-01 -3.555733112922511374e+00 4.040663146568649999e+00
-6.410459133196733106e-01 -3.571344976924164083e+00 4.033749500866036897e+00
-6.536545622804995626e-01 -3.586869809614921856e+00 4.026798891585047890e+00
-6.663710979556581870e-01 -3.602306394895490094e+00 4.019811318725681204e+00
-6.791954699095279491e-01 -3.617653508978957433e+00 4.012786782287937726e+00
-6.921276124565620691e-01 -3.632909920500458245e+00 4.005725282271817456e+00
-7.051674444661314434e-01 -3.648074390630292374e+00 3.998626818677319505e+00
-7.183148691664913432e-01 -3.663145673190536300e+00 3.991491391504444763e+00
-7.315697741079036920e-01 -3.678122514825575617e+00 3.984319000753193674e+00
-7.449320317515775169e-01 -3.693003655373615857e+00 3.977109646423565348e+00
-7.584014978071698110e-01 -3.707787827532797564e+00 3.969863328515559786e+00
-7.719780114841122698e-01 -3.722473757134094008e+00 3.962580047029176988e+00
-7.856613954404800815e-01 -3.737060163322836637e+00 3.955259801964417399e+00
-7.994514555899772112e-01 -3.751545758699493582e+00 3.947902593321281461e+00
-8.133479809085878420e-01 -3.765929249464325057e+00 3.940508421099767844e+00
-8.273507432409044071e-01 -3.780209335565936968e+00 3.933077285299876991e+00
-8.414594971061742923e-01 -3.794384710853791809e+00 3.925609185921609345e+00
-8.556739795040740892e-01 -3.808454063234696818e+00 3.918104122964964908e+00
-8.699939097202402660e-01 -3.822416074833319133e+00 3.910562096429943679e+00
-8.844189891315842322e-01 -3.836269422156764364e+00 3.902983106316545214e+00
-8.989489010114004586e-01 -3.850012776263244341e+00 3.895367152624769957e+00
-9.135833103343113937e-01 -3.863644802934890432e+00 3.887714235354617021e+00
-9.283218635810568387e-01 -3.877164162854740415e+00 3.880024354506087736e+00
-9.431641893020920042e-01 -3.890569511788240398e+00 3.872297510079181659e+00
-9.581098974924935341e-01 -3.903859500768524171e+00 3.864533702073898347e+00
-9.731585785305230107e-01 -3.917032776285799489e+00 3.856732930490237798e+00
-9.883098036083319826e-01 -3.930087980481666410e+00 3.848895195328200014e+00
-1.003563124545199692e+00 -3.943023751347551897e+00 3.841020496587785438e+00
-1.018918073601265295e+00 -3.955838722927544016e+00 3.833108834268994514e+00
-1.034374163291795767e+00 -3.968531525525675896e+00 3.825160208371825910e+00
-1.049930886202009361e+00 -3.981100785917674134e+00 3.817174618896280514e+00
-1.065587714802514352e+00 -3.993545127567238673e+00 3.809152065842357882e+00
-1.081344101265380386e+00 -4.005863170846870602e+00 3.801092549210058458e+00
-1.097199477280887070e+00 -4.018053533263292287e+00 3.792996068999382242e+00
-1.113153253874988424e+00 -4.030114829687508227e+00 3.784862625210328790e+00
-1.129204821227516975e+00 -4.042045672589517302e+00 3.776692217842898547e+00
-1.145353548491181872e+00 -4.053844672277749694e+00 3.768484846897090623e+00
-1.161598783815925628e+00 -4.065510437099177921e+00 3.760240512372906796e+00
-1.177939855211642017e+00 -4.077041573463790591e+00 3.751959214270345733e+00
-1.194376068450689665e+00 -4.088436686511786711e+00 3.743640952589406989e+00
-1.210906707470529087e+00 -4.099694380247234093e+00 3.735285727330091454e+00
-1.227531034397902232e+00 -4.110813257758366923e+00 3.726893538492399127e+00
-1.244248289383786510e+00 -4.121791921483795917e+00 3.718464386076329564e+00
-1.261057690439974177e+00 -4.132628973483571500e+00 3.709998270081883653e+00
-1.277958433277338157e+00 -4.143323015715121294e+00 3.701495190509059618e+00
-1.294949691145806270e+00 -4.153872650314098358e+00 3.692955147357859680e+00
-1.312030614676146012e+00 -4.164276479880202331e+00 3.684378140628282949e+00
-1.329200331723557005e+00 -4.174533107767961049e+00 3.675764170320327651e+00
-1.346457947213144157e+00 -4.184641138382544590e+00 3.667113236433996892e+00
-1.363802542987350819e+00 -4.194599177480644592e+00 3.658425338969288010e+00
-1.381233177655338373e+00 -4.204405832476417970e+00 3.649700477926202780e+00
-1.398748886444438844e+00 -4.214059712752584730e+00 3.640938653304741202e+00
-1.416348681992831260e+00 -4.223559429533504606e+00 3.632139865104901055e+00
-1.434031553701549999e+00 -4.232903596444270278e+00 3.623304113326685005e+00
-1.451796466473706637e+00 -4.242090830365233600e+00 3.614431397970091275e+00
-1.469642361370056438e+00 -4.251119751388562129e+00 3.605521719035121198e+00
-1.487568155482541954e+00 -4.259988983150220676e+00 3.596575076521774328e+00
-1.505572741810735860e+00 -4.268697153166999492e+00 3.587591470430049334e+00
-1.523654989141323801e+00 -4.277242893178605065e+00 3.578570900759948437e+00
-1.541813741930720294e+00 -4.285624839494857952e+00 3.569513367511469415e+00
-1.560047820190822998e+00 -4.293841633347986964e+00 3.560418870684614490e+00
-1.578356019378045927e+00 -4.301891921250086348e+00 3.551287410279382772e+00
-1.596737110285638250e+00 -4.309774355355735942e+00 3.542118986295772931e+00
-1.615189838939378841e+00 -4.317487593829817172e+00 3.532913598733787186e+00
-1.633712926496741158e+00 -4.325030301220570195e+00 3.523671247593422873e+00
-1.652305069149530237e+00 -4.332401148837886851e+00 3.514391932874683100e+00
-1.670964938250399712e+00 -4.339598814960964113e+00 3.505075654577566535e+00
-1.689691181385547303e+00 -4.346621984298359997e+00 3.495722412702071402e+00
-1.708482420168724980e+00 -4.353469350075280353e+00 3.486332207248200810e+00
-1.727337250787382095e+00 -4.360139613930943625e+00 3.476905038215951649e+00
-1.746254244151536295e+00 -4.366631486141696605e+00 3.467440905605327028e+00
-1.765231945830538107e+00 -4.372943686022150445e+00 3.457939809416325172e+00
-1.784268875994437620e+00 -4.379074942331220299e+00 3.448401749648945191e+00
-1.803363529360070938e+00 -4.385023993683121013e+00 3.438826726303189307e+00
-1.822514375141969456e+00 -4.390789588963305512e+00 3.429214739379055299e+00
-1.841719857008115024e+00 -4.396370487749374334e+00 3.419565788876545831e+00
-1.860978393040698675e+00 -4.401765460736965174e+00 3.409879874795659127e+00
-1.880288375701904879e+00 -4.406973290170641988e+00 3.400156997136393855e+00
-1.899648171804827479e+00 -4.411992770279786313e+00 3.390397155898753123e+00
-1.919056122489632754e+00 -4.416822707719520125e+00 3.380600351082734267e+00
-1.938510543204978509e+00 -4.421461922016659329e+00 3.370766582688339508e+00
-1.958009724566175169e+00 -4.425909244897591854e+00 3.360895850715567956e+00
-1.977551931906677662e+00 -4.430163521312541874e+00 3.350988155164417837e+00
-1.997135404193755903e+00 -4.434223611291654876e+00 3.341043496034892257e+00
-2.016758354789196961e+00 -4.438088389435206338e+00 3.331061873326988110e+00
-2.036418971469087236e+00 -4.441756745371292503e+00 3.321043287040708503e+00
-2.056115416449866284e+00 -4.445227584218091721e+00 3.310987737176052104e+00
-2.075845826420847917e+00 -4.448499827050476085e+00 3.300895223733016692e+00
-2.095608312583332467e+00 -4.451572411370975146e+00 3.290765746711606266e+00
-2.115400960696443011e+00 -4.454444291585075710e+00 3.280599306111817270e+00
-2.135221831129707759e+00 -4.457114439480855062e+00 3.270395901933652372e+00
-2.155068958922575995e+00 -4.459581844712954712e+00 3.260155534177111125e+00
-2.174940353850892460e+00 -4.461845515290866260e+00 3.249878202842190866e+00
-2.194834000500461624e+00 -4.463904478071542670e+00 3.239563907928895148e+00
-2.214747858347823506e+00 -4.465757779256328774e+00 3.229212649437221305e+00
-2.234679862003236650e+00 -4.467404484544271526e+00 3.218824427367172003e+00
-2.254627922153916497e+00 -4.468843677734267494e+00 3.208399241718745465e+00
-2.274589924137208286e+00 -4.470074464669313130e+00 3.197937092491940358e+00
-2.294563728496023636e+00 -4.471095972751646386e+00 3.187437979686759792e+00
-2.314547171265764369e+00 -4.471907351082333726e+00 3.176901903303200658e+00
-2.334538064108639066e+00 -4.472507770965112428e+00 3.166328863341266064e+00
-2.354534194456375573e+00 -4.472896426413451643e+00 3.155718859800954679e+00
-2.374533325661357441e+00 -4.473072534660807342e+00 3.145071892682264725e+00
-2.394533197156331727e+00 -4.473035336674028528e+00 3.134387961985198867e+00
-2.414531524622825831e+00 -4.472784097669888936e+00 3.123667067709754885e+00
-2.434526000168308002e+00 -4.472318107634706941e+00 3.112909209855935444e+00
-2.454514292512293139e+00 -4.471636681847027894e+00 3.102114388423739211e+00
-2.474494047181431178e+00 -4.470739161403337825e+00 3.091282603413163965e+00
-2.494462886713715299e+00 -4.469624913746764960e+00 3.080413854824213704e+00
-2.514418410871950282e+00 -4.468293333198747774e+00 3.069508142656884431e+00
-2.534358197204380048e+00 -4.466743839576333031e+00 3.058565466911180142e+00
-2.554279801116464910e+00 -4.464975879640413758e+00 3.047585827587099061e+00
-2.574180755675623988e+00 -4.462988930116381425e+00 3.036569224684638968e+00
-2.594058572163810972e+00 -4.460782496528597818e+00 3.025515658203803415e+00
-2.613910740343045269e+00 -4.458356113722311775e+00 3.014425128144589294e+00
-2.633734728730889874e+00 -4.455709346387831893e+00 3.003297634506999714e+00
-2.653527984886217439e+00 -4.452841789586067023e+00 2.992133177291033341e+00
-2.673287935705306317e+00 -4.449753069275388384e+00 2.980931756496688401e+00
-2.693011987728421541e+00 -4.446442842839742227e+00 2.969693372123968000e+00
-2.712697527457010427e+00 -4.442910799617937556e+00 2.958418024172869032e+00
-2.732341921681575414e+00 -4.439156661434062734e+00 2.947105712643394604e+00
-2.751942517820411549e+00 -4.435180183128940357e+00 2.935756437535542940e+00
-2.771496644269263676e+00 -4.430981153092577784e+00 2.924370198849313152e+00
-2.791001610762040119e+00 -4.426559393797536046e+00 2.912946996584707460e+00
-2.810454708704659410e+00 -4.421914761820859852e+00 2.901486830741723644e+00
-2.829853211342331587e+00 -4.417047145474628955e+00 2.889989701320364368e+00
-2.849194374539835817e+00 -4.411956470530010499e+00 2.878455608320627857e+00
-2.868475437077732337e+00 -4.406642699274946118e+00 2.866884551742512777e+00
-2.887693621026448998e+00 -4.401105830463466262e+00 2.855276531586022681e+00
-2.906846132173714903e+00 -4.395345899824635971e+00 2.843631547851153574e+00
-2.925930160463710461e+00 -4.389362980570377104e+00 2.831949600537909006e+00
-2.944942880448129685e+00 -4.383157183902029352e+00 2.820230689646287647e+00
-2.963881451749198703e+00 -4.376728659515563002e+00 2.808474815176287720e+00
-2.982743019534791706e+00 -4.370077596105336859e+00 2.796681977127912333e+00
-3.001524715005787325e+00 -4.363204221866277877e+00 2.784852175501158378e+00
-3.020223655895708514e+00 -4.356108804994404338e+00 2.772985410296028963e+00
-3.038836946982840015e+00 -4.348791654185556688e+00 2.761081681512522756e+00
-3.057361680614873123e+00 -4.341253119132255200e+00 2.749140989150637537e+00
-3.075794937246213223e+00 -4.333493591018563684e+00 2.737163333210377303e+00
-3.094133785133967418e+00 -4.325513500494837515e+00 2.725148713691738500e+00
-3.112375281279796457e+00 -4.317313319285262629e+00 2.713097130594724238e+00
-3.130516473155608104e+00 -4.308893564065441772e+00 2.701008583919332739e+00
-3.148554398512348307e+00 -4.300254794647826451e+00 2.688883073665563117e+00
-3.166486085971196740e+00 -4.291397614432185037e+00 2.676720599833417591e+00
-3.184308555628156068e+00 -4.282322670853512925e+00 2.664521162422893497e+00
-3.202018819671451411e+00 -4.273030655825412083e+00 2.652284761433994387e+00
-3.219613883011911426e+00 -4.263522306178761490e+00 2.640011396866718041e+00
-3.237090743926364311e+00 -4.253798404095551433e+00 2.627701068721063127e+00
-3.254446394714177071e+00 -4.243859777537723588e+00 2.615353776997032753e+00
-3.271677822367054844e+00 -4.233707300670848106e+00 2.602969521694623811e+00
-3.288782009252143368e+00 -4.223341894282524933e+00 2.590548302813839854e+00
-3.305755933808600666e+00 -4.212764526195308612e+00 2.578090120354678216e+00
-3.322596571257677489e+00 -4.201976211674054440e+00 2.565594974317138455e+00
-3.339300893945772231e+00 -4.190978013251874579e+00 2.553062864701223234e+00
-3.355865869845147120e+00 -4.179771037743436501e+00 2.540493791506929444e+00
-3.372288467261223666e+00 -4.168356442616856228e+00 2.527887754734260195e+00
-3.388565654493947310e+00 -4.156735434707881538e+00 2.515244754383214154e+00
-3.404694400156906831e+00 -4.144909269901196680e+00 2.502564790453789101e+00
-3.420671673948844749e+00 -4.132879253467976355e+00 2.489847862945989032e+00
-3.436494447438195987e+00 -4.120646740394913188e+00 2.477093971859809951e+00
-3.452159694860648553e+00 -4.108213135704558816e+00 2.464303117195255854e+00
-3.467664393929875466e+00 -4.095579894766741447e+00 2.451475298952324522e+00
-3.483005526661438811e+00 -4.082748523600892021e+00 2.438610517131014621e+00
-3.498180080209962739e+00 -4.069720579169069374e+00 2.425708771731329261e+00
-3.513185047719658005e+00 -4.056497669659469452e+00 2.412770062753265332e+00
-3.528017429188221143e+00 -4.043081454760270255e+00 2.399794390196826388e+00
-3.542674232344227292e+00 -4.029473645923546066e+00 2.386781754062010208e+00
-3.557152473538041981e+00 -4.015676006619118610e+00 2.373732154348815016e+00
-3.571449176597280672e+00 -4.001690350739552926e+00 2.360645591057244363e+00
-3.585561374386787570e+00 -3.987518543409062310e+00 2.347522064187295143e+00
-3.599486112612802824e+00 -3.973162503783080002e+00 2.334361573738971352e+00
-3.613220448915667848e+00 -3.958624203597068458e+00 2.321164119712268104e+00
-3.626761453780751321e+00 -3.943905667323283293e+00 2.307929702107189840e+00
-3.640106211462463381e+00 -3.929008972315442438e+00 2.294658320923734784e+00
-3.653251820918993253e+00 -3.913936248939011264e+00 2.281349976161901161e+00
-3.666195396757763625e+00 -3.898689680686798553e+00 2.268004667821692077e+00
-3.678934070191583139e+00 -3.883271504279556918e+00 2.254622395903103982e+00
-3.691464990005433044e+00 -3.867684009751360286e+00 2.241203160406140871e+00
-3.703785323533900886e+00 -3.851929540519404060e+00 2.227746961330800968e+00
-3.715892257648937047e+00 -3.836010493438726687e+00 2.214253798677081164e+00
-3.727782999509088757e+00 -3.819929319531049305e+00 2.200723672444987233e+00
-3.739454777724225298e+00 -3.803688523575121661e+00 2.187156582634514290e+00
-3.750904843600676664e+00 -3.787290663486612807e+00 2.173552529245665887e+00
-3.762130471998392345e+00 -3.770738350785254767e+00 2.159911512278441137e+00
-3.773128962366591566e+00 -3.754034250579050713e+00 2.146233531732836930e+00
-3.783897639789501888e+00 -3.737181081531882221e+00 2.132518587608858152e+00
-3.794433856042162656e+00 -3.720181615814225573e+00 2.118766679906499917e+00
-3.804734990656210680e+00 -3.703038679036791958e+00 2.104977808625767111e+00
-3.814798451995660589e+00 -3.685755150166752259e+00 2.091151973766657068e+00
-3.824621678342598585e+00 -3.668333961426359480e+00 2.077289175329168014e+00
-3.834202138992765629e+00 -3.650778098173684594e+00 2.063389413313304388e+00
-3.843537335335281302e+00 -3.633090598753206724e+00 2.049452687719060417e+00
-3.852624798906756354e+00 -3.615274552914773842e+00 2.035478998546442320e+00
-3.861462095128946448e+00 -3.597333102855539089e+00 2.021468345795447430e+00
-3.870046826123332284e+00 -3.579269443808717810e+00 2.007420729466073528e+00
-3.878376630187197804e+00 -3.561086823054261163e+00 1.993336149558324610e+00
-3.886449182893125798e+00 -3.542788539661444691e+00 1.979214606072196680e+00
-3.894262198194378577e+00 -3.524377944210081548e+00 1.965056099007693735e+00
-3.901813429536041600e+00 -3.505858438489986462e+00 1.950860628364813776e+00
-3.909100670971762170e+00 -3.487233475178434183e+00 1.936628194143554804e+00
-3.916121758285926457e+00 -3.468506557495293574e+00 1.922358796343920817e+00
-3.922874570121148263e+00 -3.449681238835484720e+00 1.908052434965908040e+00
-3.929357029110881694e+00 -3.430761122378531258e+00 1.893709110009520025e+00
-3.935567102974569131e+00 -3.411749860690333147e+00 1.879328821474754330e+00
-3.941502803718753611e+00 -3.392651155995419110e+00 1.864911569361610510e+00
-3.947162190791619896e+00 -3.373468758982085980e+00 1.850457353670091454e+00
-3.952543372785991327e+00 -3.354206468115523698e+00 1.835966174400193607e+00
-3.957644507744316531e+00 -3.334868129439035656e+00 1.821438031551920744e+00
-3.962463804286477043e+00 -3.315457636051235557e+00 1.806872925125270868e+00
-3.966999522739457884e+00 -3.295978927558966820e+00 1.792270855120241979e+00
-3.971249976268676818e+00 -3.276435989505632751e+00 1.777631821536838075e+00
-3.975213532010759998e+00 -3.256832852774620424e+00 1.762955824375055158e+00
-3.978888612207526876e+00 -3.237173592967612201e+00 1.748242863634897226e+00
-3.982273695340981856e+00 -3.217462329757409201e+00 1.733492939316362502e+00
-3.985367317269084886e+00 -3.197703226215056205e+00 1.718706051419448544e+00
-3.988168072237217920e+00 -3.177900488138499568e+00 1.703882199944158904e+00
-3.990674611005021966e+00 -3.158058363991353534e+00 1.689021384890490918e+00
-3.992885645558976737e+00 -3.138181143362327674e+00 1.674123606258448138e+00
-3.994799950471919381e+00 -3.118273156137424174e+00 1.659188864048028345e+00
-3.996416362960851121e+00 -3.098338771932100943e+00 1.644217158259229317e+00
-3.997733783974177335e+00 -3.078382399268788205e+00 1.629208488892055495e+00
-3.998751179274913525e+00 -3.058408484727385801e+00 1.614162855946502662e+00
-3.999467580519535215e+00 -3.038421512068553376e+00 1.599080259422574812e+00
-3.999882086332148479e+00 -3.018426001329435504e+00 1.583960699320270171e+00
