-2.175128698348999023e+00 -4.452214241027832031e+00
-2.212596416473388672e+00 -4.445091247558593750e+00
-2.213032960891723633e+00 -4.425768852233886719e+00
-2.223293542861938477e+00 -4.415991783142089844e+00
-2.251388311386108398e+00 -4.409407615661621094e+00
-2.261987924575805664e+00 -4.402073383331298828e+00
-2.278439044952392578e+00 -4.398809909820556641e+00
-2.323904275894165039e+00 -4.396810531616210938e+00
-2.374807119369506836e+00 -4.395527839660644531e+00
-2.384148836135864258e+00 -4.391807079315185547e+00
-2.421688318252563477e+00 -4.393292427062988281e+00
-2.418482780456542969e+00 -4.385890483856201172e+00
-2.435390710830688477e+00 -4.389902591705322266e+00
-2.429848194122314453e+00 -4.387348651885986328e+00
-2.452718496322631836e+00 -4.387115955352783203e+00
-2.483146667480468750e+00 -4.386480808258056641e+00
-2.467500209808349609e+00 -4.356176376342773438e+00
-2.482977151870727539e+00 -4.331643581390380859e+00
-2.528671741485595703e+00 -4.348260879516601562e+00
-2.529035091400146484e+00 -4.338480472564697266e+00
-2.553797483444213867e+00 -4.349129676818847656e+00
-2.580756425857543945e+00 -4.355469226837158203e+00
-2.600868940353393555e+00 -4.344750881195068359e+00
-2.644105195999145508e+00 -4.334525108337402344e+00
-2.671815633773803711e+00 -4.312136173248291016e+00
-2.699779510498046875e+00 -4.333757877349853516e+00
-2.686797618865966797e+00 -4.347408294677734375e+00
-2.678030014038085938e+00 -4.314417839050292969e+00
-2.690912008285522461e+00 -4.305232524871826172e+00
-2.709244966506958008e+00 -4.291400432586669922e+00
-2.742236137390136719e+00 -4.257137775421142578e+00
-2.761030912399291992e+00 -4.258690834045410156e+00
-2.757133722305297852e+00 -4.267356395721435547e+00
-2.772434711456298828e+00 -4.261723518371582031e+00
-2.775882005691528320e+00 -4.253207683563232422e+00
-2.786313533782958984e+00 -4.225878715515136719e+00
-2.803273677825927734e+00 -4.230586051940917969e+00
-2.838752508163452148e+00 -4.238719463348388672e+00
-2.867737770080566406e+00 -4.213162422180175781e+00
-2.884178400039672852e+00 -4.203394889831542969e+00
-2.886663913726806641e+00 -4.205651283264160156e+00
-2.899111270904541016e+00 -4.188338279724121094e+00
-2.899286031723022461e+00 -4.142320156097412109e+00
-2.926792860031127930e+00 -4.140448093414306641e+00
-2.966121196746826172e+00 -4.112953186035156250e+00
-3.007893085479736328e+00 -4.114679336547851562e+00
-3.004587888717651367e+00 -4.092984199523925781e+00
-3.006673097610473633e+00 -4.092781066894531250e+00
-3.014812946319580078e+00 -4.067588329315185547e+00
-3.031834363937377930e+00 -4.051433086395263672e+00
-3.034081220626831055e+00 -4.024860382080078125e+00
-3.065025806427001953e+00 -4.035302639007568359e+00
-3.082954406738281250e+00 -4.022969722747802734e+00
-3.110823392868041992e+00 -4.007774353027343750e+00
-3.118339776992797852e+00 -3.994495391845703125e+00
-3.147302865982055664e+00 -4.019822597503662109e+00
-3.146364927291870117e+00 -4.004731655120849609e+00
-3.131140470504760742e+00 -3.964869022369384766e+00
-3.143550157546997070e+00 -3.977358102798461914e+00
-3.171172857284545898e+00 -4.008810997009277344e+00
-3.183681726455688477e+00 -3.969996929168701172e+00
-3.201282501220703125e+00 -3.917496442794799805e+00
-3.196876764297485352e+00 -3.917070388793945312e+00
-3.184121370315551758e+00 -3.876224994659423828e+00
-3.201103448867797852e+00 -3.838946342468261719e+00
-3.220852136611938477e+00 -3.816387891769409180e+00
-3.236890792846679688e+00 -3.811122179031372070e+00
-3.242022275924682617e+00 -3.838590383529663086e+00
-3.259978532791137695e+00 -3.836012601852416992e+00
-3.286858081817626953e+00 -3.814839601516723633e+00
-3.317019462585449219e+00 -3.783232688903808594e+00
-3.310720205307006836e+00 -3.742718458175659180e+00
-3.322417974472045898e+00 -3.721491813659667969e+00
-3.337301731109619141e+00 -3.719411849975585938e+00
-3.333340167999267578e+00 -3.674675464630126953e+00
-3.361502647399902344e+00 -3.662392139434814453e+00
-3.366016149520874023e+00 -3.629246473312377930e+00
-3.372126579284667969e+00 -3.624348640441894531e+00
-3.366883039474487305e+00 -3.625446796417236328e+00
-3.381257295608520508e+00 -3.578037500381469727e+00
-3.404490232467651367e+00 -3.517541646957397461e+00
-3.396309137344360352e+00 -3.555650711059570312e+00
-3.399121284484863281e+00 -3.550692081451416016e+00
-3.415092706680297852e+00 -3.530361413955688477e+00
-3.424107313156127930e+00 -3.520067214965820312e+00
-3.447743415832519531e+00 -3.505375862121582031e+00
-3.453626632690429688e+00 -3.499663591384887695e+00
-3.450500726699829102e+00 -3.466639280319213867e+00
-3.475700855255126953e+00 -3.449083805084228516e+00
-3.478126764297485352e+00 -3.427051544189453125e+00
-3.500288724899291992e+00 -3.440942764282226562e+00
-3.500750541687011719e+00 -3.393041372299194336e+00
-3.502185106277465820e+00 -3.372828722000122070e+00
-3.529932975769042969e+00 -3.366329908370971680e+00
-3.533774137496948242e+00 -3.315550804138183594e+00
-3.542077302932739258e+00 -3.278244733810424805e+00
-3.541728019714355469e+00 -3.275250196456909180e+00
-3.539767265319824219e+00 -3.268411636352539062e+00
-3.543999195098876953e+00 -3.270960807800292969e+00
-3.548449516296386719e+00 -3.235374450683593750e+00
-3.558428287506103516e+00 -3.205743312835693359e+00
-3.572373628616333008e+00 -3.186001539230346680e+00
-3.574733257293701172e+00 -3.146640539169311523e+00
-3.583933353424072266e+00 -3.137712955474853516e+00
-3.603842258453369141e+00 -3.109644889831542969e+00
-3.611563205718994141e+00 -3.078094244003295898e+00
-3.608910322189331055e+00 -3.048490285873413086e+00
-3.617815494537353516e+00 -3.054799795150756836e+00
-3.609284639358520508e+00 -3.060276031494140625e+00
-3.608559370040893555e+00 -3.077705860137939453e+00
-3.599200487136840820e+00 -3.052547454833984375e+00
-3.604847431182861328e+00 -3.015815734863281250e+00
-3.609645128250122070e+00 -2.975331068038940430e+00
-3.613482952117919922e+00 -2.973765611648559570e+00
-3.607423782348632812e+00 -2.913194417953491211e+00
-3.616364479064941406e+00 -2.942465305328369141e+00
-3.608267068862915039e+00 -2.908556699752807617e+00
-3.630053520202636719e+00 -2.841849803924560547e+00
-3.629611730575561523e+00 -2.820843458175659180e+00
-3.608512639999389648e+00 -2.796756267547607422e+00
-3.609891176223754883e+00 -2.796969652175903320e+00
-3.618938922882080078e+00 -2.800650596618652344e+00
-3.620832443237304688e+00 -2.794382572174072266e+00
-3.616283655166625977e+00 -2.783611059188842773e+00
-3.618810653686523438e+00 -2.734671354293823242e+00
-3.621113061904907227e+00 -2.741984605789184570e+00
-3.613440513610839844e+00 -2.731035232543945312e+00
-3.627425193786621094e+00 -2.684105396270751953e+00
-3.626797199249267578e+00 -2.643174171447753906e+00
-3.636438369750976562e+00 -2.621913194656372070e+00
-3.639638423919677734e+00 -2.621560811996459961e+00
-3.641636371612548828e+00 -2.600432872772216797e+00
-3.637830972671508789e+00 -2.614094972610473633e+00
-3.616621732711791992e+00 -2.595615863800048828e+00
-3.612481355667114258e+00 -2.545131206512451172e+00
-3.628323316574096680e+00 -2.512840747833251953e+00
-3.629548072814941406e+00 -2.498817205429077148e+00
-3.641065597534179688e+00 -2.481878042221069336e+00
-3.645167827606201172e+00 -2.465452194213867188e+00
-3.648695230484008789e+00 -2.465983390808105469e+00
-3.622021675109863281e+00 -2.414049386978149414e+00
-3.619460582733154297e+00 -2.398609876632690430e+00
-3.616247653961181641e+00 -2.401543855667114258e+00
-3.601124525070190430e+00 -2.348459720611572266e+00
-3.609713554382324219e+00 -2.353320360183715820e+00
-3.617671251296997070e+00 -2.331072330474853516e+00
-3.631892442703247070e+00 -2.312724113464355469e+00
-3.637270212173461914e+00 -2.311878919601440430e+00
-3.621875286102294922e+00 -2.265215158462524414e+00
-3.606780052185058594e+00 -2.219545602798461914e+00
-3.605589866638183594e+00 -2.222278356552124023e+00
-3.604186058044433594e+00 -2.177339553833007812e+00
-3.593595743179321289e+00 -2.161569595336914062e+00
-3.588555574417114258e+00 -2.172517538070678711e+00
-3.589650154113769531e+00 -2.150313377380371094e+00
-3.578891515731811523e+00 -2.163944005966186523e+00
-3.581924438476562500e+00 -2.147094249725341797e+00
-3.578622817993164062e+00 -2.117530822753906250e+00
-3.571950435638427734e+00 -2.111831665039062500e+00
-3.543563127517700195e+00 -2.074192047119140625e+00
-3.530148506164550781e+00 -2.057534694671630859e+00
-3.533836603164672852e+00 -2.046130657196044922e+00
-3.538021564483642578e+00 -2.020504713058471680e+00
-3.547425508499145508e+00 -2.008547782897949219e+00
-3.543242454528808594e+00 -1.962143778800964355e+00
-3.548127412796020508e+00 -1.925806403160095215e+00
-3.542924404144287109e+00 -1.892002105712890625e+00
-3.558089256286621094e+00 -1.863576292991638184e+00
-3.534693241119384766e+00 -1.831523776054382324e+00
-3.521658658981323242e+00 -1.866774082183837891e+00
-3.512870311737060547e+00 -1.878491044044494629e+00
-3.504787683486938477e+00 -1.870779871940612793e+00
-3.475219488143920898e+00 -1.794263124465942383e+00
-3.468807458877563477e+00 -1.761734724044799805e+00
-3.461294174194335938e+00 -1.731114506721496582e+00
-3.457614183425903320e+00 -1.702316284179687500e+00
-3.452365159988403320e+00 -1.711953043937683105e+00
-3.447793960571289062e+00 -1.722112178802490234e+00
-3.451878786087036133e+00 -1.722230792045593262e+00
-3.432838201522827148e+00 -1.693832993507385254e+00
-3.447998285293579102e+00 -1.668564796447753906e+00
-3.436714887619018555e+00 -1.642741560935974121e+00
-3.425849437713623047e+00 -1.631782412528991699e+00
-3.411739349365234375e+00 -1.611503124237060547e+00
-3.399427652359008789e+00 -1.605970859527587891e+00
-3.392932176589965820e+00 -1.605767250061035156e+00
-3.403139829635620117e+00 -1.588089227676391602e+00
-3.391798496246337891e+00 -1.537848830223083496e+00
-3.377612829208374023e+00 -1.463242173194885254e+00
-3.379439830780029297e+00 -1.476382374763488770e+00
-3.366432905197143555e+00 -1.432439684867858887e+00
-3.345560073852539062e+00 -1.438051104545593262e+00
-3.319361209869384766e+00 -1.434471011161804199e+00
-3.311446428298950195e+00 -1.453552603721618652e+00
-3.303525686264038086e+00 -1.429486751556396484e+00
-3.298218727111816406e+00 -1.436278581619262695e+00
-3.265825033187866211e+00 -1.382351756095886230e+00
-3.274741172790527344e+00 -1.356928825378417969e+00
-3.256102085113525391e+00 -1.314306855201721191e+00
-3.251928329467773438e+00 -1.312055349349975586e+00
-3.240462064743041992e+00 -1.291450619697570801e+00
-3.230521440505981445e+00 -1.283200383186340332e+00
-3.219799280166625977e+00 -1.267521858215332031e+00
-3.220288753509521484e+00 -1.294907212257385254e+00
-3.195245265960693359e+00 -1.261012434959411621e+00
-3.194521427154541016e+00 -1.224174261093139648e+00
-3.193213939666748047e+00 -1.206574320793151855e+00
-3.174730300903320312e+00 -1.200133442878723145e+00
-3.174921512603759766e+00 -1.179211020469665527e+00
-3.149051666259765625e+00 -1.176590323448181152e+00
-3.145971059799194336e+00 -1.151962757110595703e+00
-3.134228229522705078e+00 -1.152497887611389160e+00
-3.125645399093627930e+00 -1.129868030548095703e+00
-3.108391284942626953e+00 -1.110741615295410156e+00
-3.105790853500366211e+00 -1.111087679862976074e+00
-3.088050127029418945e+00 -1.075238585472106934e+00
-3.035153388977050781e+00 -1.051437497138977051e+00
-3.026928424835205078e+00 -1.013148665428161621e+00
-3.029445648193359375e+00 -1.010744571685791016e+00
-2.974789381027221680e+00 -1.020158410072326660e+00
-2.965159416198730469e+00 -1.016584873199462891e+00
-2.986435890197753906e+00 -9.994503855705261230e-01
-3.013509988784790039e+00 -9.600768089294433594e-01
-3.002462148666381836e+00 -9.230527877807617188e-01
-2.965775966644287109e+00 -8.922489881515502930e-01
-2.948395729064941406e+00 -8.864305019378662109e-01
-2.927434921264648438e+00 -8.830753564834594727e-01
-2.893661022186279297e+00 -8.696758747100830078e-01
-2.888876438140869141e+00 -8.410613536834716797e-01
-2.873960733413696289e+00 -8.465687036514282227e-01
-2.865141868591308594e+00 -8.533808588981628418e-01
-2.846422672271728516e+00 -8.514955043792724609e-01
-2.827282190322875977e+00 -8.139759302139282227e-01
-2.831655263900756836e+00 -7.819908261299133301e-01
-2.822764396667480469e+00 -7.746025323867797852e-01
-2.816462039947509766e+00 -7.713065743446350098e-01
-2.827618360519409180e+00 -7.290790677070617676e-01
-2.773045301437377930e+00 -6.784844994544982910e-01
-2.741173267364501953e+00 -6.990916132926940918e-01
-2.728561162948608398e+00 -6.626248359680175781e-01
-2.724738836288452148e+00 -6.708728075027465820e-01
-2.721134901046752930e+00 -6.661331653594970703e-01
-2.709003925323486328e+00 -6.819433569908142090e-01
-2.705546379089355469e+00 -6.698024868965148926e-01
-2.694860696792602539e+00 -6.721995472908020020e-01
-2.653431653976440430e+00 -6.329655647277832031e-01
-2.637946128845214844e+00 -6.109924316406250000e-01
-2.645063161849975586e+00 -5.925045609474182129e-01
-2.624603986740112305e+00 -5.563526153564453125e-01
-2.611985921859741211e+00 -5.716910362243652344e-01
-2.582084178924560547e+00 -5.816768407821655273e-01
-2.555454730987548828e+00 -5.812626481056213379e-01
-2.556042194366455078e+00 -5.859767794609069824e-01
-2.514189481735229492e+00 -5.519113540649414062e-01
-2.493351459503173828e+00 -5.276761054992675781e-01
-2.507567405700683594e+00 -5.004805326461791992e-01
-2.487966537475585938e+00 -4.663781225681304932e-01
-2.478216171264648438e+00 -4.706130921840667725e-01
-2.447411060333251953e+00 -4.740704894065856934e-01
-2.441566705703735352e+00 -4.667387306690216064e-01
-2.448391437530517578e+00 -4.447387158870697021e-01
-2.404278278350830078e+00 -4.311798810958862305e-01
-2.402106523513793945e+00 -4.239734411239624023e-01
-2.385908842086791992e+00 -3.829930424690246582e-01
-2.368462562561035156e+00 -4.015773832798004150e-01
-2.344394207000732422e+00 -3.788728415966033936e-01
-2.365816831588745117e+00 -3.923832178115844727e-01
-2.365805387496948242e+00 -3.829298019409179688e-01
-2.319609403610229492e+00 -3.559391200542449951e-01
-2.280962467193603516e+00 -3.416112959384918213e-01
-2.251060724258422852e+00 -3.140966296195983887e-01
-2.250396251678466797e+00 -3.110323846340179443e-01
-2.217426061630249023e+00 -3.130256533622741699e-01
-2.233351230621337891e+00 -3.179527819156646729e-01
-2.226622819900512695e+00 -3.096276521682739258e-01
-2.192944765090942383e+00 -2.841093540191650391e-01
-2.159599542617797852e+00 -2.779811918735504150e-01
-2.135140657424926758e+00 -2.557484209537506104e-01
-2.110352993011474609e+00 -2.240469306707382202e-01
-2.077884674072265625e+00 -2.361881732940673828e-01
-2.088626384735107422e+00 -2.346551567316055298e-01
-2.093865394592285156e+00 -2.368841767311096191e-01
-2.055867910385131836e+00 -2.366839200258255005e-01
-2.032662630081176758e+00 -2.251085489988327026e-01
-2.030472517013549805e+00 -2.144835591316223145e-01
-2.002547025680541992e+00 -1.608707010746002197e-01
-2.006601572036743164e+00 -1.546120494604110718e-01
-1.969961047172546387e+00 -1.331648528575897217e-01
-1.939242362976074219e+00 -1.336704343557357788e-01
-1.930171608924865723e+00 -1.270658075809478760e-01
-1.901850938796997070e+00 -1.020264625549316406e-01
-1.860437154769897461e+00 -1.161811724305152893e-01
-1.854402303695678711e+00 -1.037015616893768311e-01
-1.841452002525329590e+00 -9.396080672740936279e-02
-1.820313930511474609e+00 -9.624771773815155029e-02
-1.796304821968078613e+00 -7.678917795419692993e-02
-1.763723254203796387e+00 -6.460736691951751709e-02
-1.740574002265930176e+00 -3.434292972087860107e-02
-1.712511181831359863e+00 -3.827882185578346252e-02
-1.704959273338317871e+00 -4.351513087749481201e-02
-1.703058719635009766e+00 -1.017559412866830826e-02
-1.713535785675048828e+00 -2.241436764597892761e-02
-1.692994952201843262e+00 1.816383562982082367e-02
-1.714155793190002441e+00 2.236946299672126770e-02
-1.674142360687255859e+00 3.214810416102409363e-02
-1.678797125816345215e+00 5.848642904311418533e-03
-1.659742712974548340e+00 1.917663961648941040e-02
-1.623265027999877930e+00 3.929618000984191895e-02
-1.608541131019592285e+00 4.178706556558609009e-02
-1.608370184898376465e+00 3.418955206871032715e-02
-1.557048201560974121e+00 4.755793511867523193e-02
-1.504791617393493652e+00 5.679525807499885559e-02
-1.505972146987915039e+00 9.215002506971359253e-02
-1.476316332817077637e+00 7.121247798204421997e-02
-1.418003559112548828e+00 7.872106879949569702e-02
-1.393131375312805176e+00 9.270691126585006714e-02
-1.414133667945861816e+00 9.866887331008911133e-02
-1.395475506782531738e+00 1.113874688744544983e-01
-1.366315722465515137e+00 1.418314278125762939e-01
-1.360478758811950684e+00 1.277922242879867554e-01
-1.355971455574035645e+00 1.365397274494171143e-01
-1.373993396759033203e+00 1.261584311723709106e-01
-1.364606499671936035e+00 1.426824927330017090e-01
-1.337057828903198242e+00 1.337386220693588257e-01
-1.332279562950134277e+00 1.512388139963150024e-01
-1.274895191192626953e+00 1.707553416490554810e-01
-1.227875590324401855e+00 1.794272512197494507e-01
-1.206189274787902832e+00 1.884254068136215210e-01
-1.186936378479003906e+00 1.825640350580215454e-01
-1.165814876556396484e+00 1.977321803569793701e-01
-1.176146864891052246e+00 2.067290395498275757e-01
-1.150132417678833008e+00 1.644356399774551392e-01
-1.104624390602111816e+00 1.818005889654159546e-01
-1.104802012443542480e+00 1.938425302505493164e-01
-1.074440598487854004e+00 2.058438807725906372e-01
-1.066815495491027832e+00 2.093245089054107666e-01
-1.058780908584594727e+00 2.227141857147216797e-01
-1.043675303459167480e+00 2.618702650070190430e-01
-1.032292485237121582e+00 2.792292833328247070e-01
-1.007579922676086426e+00 2.872205674648284912e-01
-1.002707839012145996e+00 2.996509671211242676e-01
-9.828021526336669922e-01 2.943603992462158203e-01
-9.497696757316589355e-01 2.802350521087646484e-01
-8.957110643386840820e-01 2.608726620674133301e-01
-8.792574405670166016e-01 2.806907892227172852e-01
-8.796622157096862793e-01 2.766030728816986084e-01
-8.724296092987060547e-01 2.852525711059570312e-01
-8.816033005714416504e-01 3.043328225612640381e-01
-8.656591773033142090e-01 3.059849441051483154e-01
-8.364328145980834961e-01 3.342793583869934082e-01
-7.879421114921569824e-01 3.591285347938537598e-01
-7.439512610435485840e-01 3.546228706836700439e-01
-7.303410768508911133e-01 3.253817856311798096e-01
-6.822681427001953125e-01 3.455500602722167969e-01
-7.204354405403137207e-01 3.378750085830688477e-01
-7.313500642776489258e-01 3.561832904815673828e-01
-6.994343996047973633e-01 3.415998220443725586e-01
-6.492164134979248047e-01 3.622236251831054688e-01
-6.046227812767028809e-01 3.571777641773223877e-01
-5.498732924461364746e-01 3.967927098274230957e-01
-5.278125405311584473e-01 4.091629385948181152e-01
-5.502117276191711426e-01 3.909756243228912354e-01
-5.802719593048095703e-01 3.713314533233642578e-01
-5.591912865638732910e-01 3.899624645709991455e-01
-5.231512188911437988e-01 3.948312103748321533e-01
-4.939553439617156982e-01 4.140250086784362793e-01
-4.962790906429290771e-01 4.289942085742950439e-01
-4.645520150661468506e-01 4.218836426734924316e-01
-4.124677181243896484e-01 4.413824081420898438e-01
-4.327765703201293945e-01 4.190301299095153809e-01
-4.158838391304016113e-01 4.288802742958068848e-01
-3.661128878593444824e-01 4.192778170108795166e-01
-3.695266544818878174e-01 4.475070238113403320e-01
-3.320678472518920898e-01 4.686412215232849121e-01
-3.141731917858123779e-01 4.896520376205444336e-01
-2.859095633029937744e-01 5.119148492813110352e-01
-2.390251308679580688e-01 5.044332146644592285e-01
-2.192116826772689819e-01 4.706938862800598145e-01
-2.103685140609741211e-01 4.703707993030548096e-01
-1.892374306917190552e-01 4.965723454952239990e-01
-1.871870011091232300e-01 5.294726490974426270e-01
-1.816736310720443726e-01 5.315755009651184082e-01
-1.639084070920944214e-01 5.395923256874084473e-01
-1.515381038188934326e-01 5.239643454551696777e-01
-1.280441582202911377e-01 4.973365366458892822e-01
-8.255956321954727173e-02 5.089480876922607422e-01
-5.185146257281303406e-02 5.131897926330566406e-01
-4.714355990290641785e-02 5.089429020881652832e-01
-5.455033481121063232e-02 5.150129199028015137e-01
-4.115440696477890015e-02 5.304750800132751465e-01
-3.426496312022209167e-02 5.281239748001098633e-01
-9.858097881078720093e-03 5.770453214645385742e-01
4.651548713445663452e-02 5.629224181175231934e-01
7.336040586233139038e-02 5.593889951705932617e-01
6.565327197313308716e-02 5.784866213798522949e-01
5.712429061532020569e-02 5.596261024475097656e-01
9.357289224863052368e-02 5.384711623191833496e-01
1.322410702705383301e-01 5.715317130088806152e-01
1.739539504051208496e-01 5.845981240272521973e-01
2.257827967405319214e-01 6.155937314033508301e-01
2.219517976045608521e-01 6.007905602455139160e-01
2.205630242824554443e-01 6.003207564353942871e-01
2.117707729339599609e-01 5.769940018653869629e-01
2.158496081829071045e-01 5.968008637428283691e-01
2.337490916252136230e-01 6.078842878341674805e-01
2.736260592937469482e-01 6.070485711097717285e-01
3.193104267120361328e-01 5.981050729751586914e-01
3.419005870819091797e-01 6.211667060852050781e-01
3.384933769702911377e-01 6.056756377220153809e-01
3.698353469371795654e-01 6.189208030700683594e-01
3.557716012001037598e-01 6.187731623649597168e-01
3.726020753383636475e-01 6.257681250572204590e-01
3.817057013511657715e-01 6.040642261505126953e-01
4.103378057479858398e-01 6.128185987472534180e-01
4.509365856647491455e-01 6.408347487449645996e-01
5.130139589309692383e-01 6.719912290573120117e-01
5.463063120841979980e-01 6.830061078071594238e-01
5.506719946861267090e-01 7.047438621520996094e-01
5.517119169235229492e-01 6.821703910827636719e-01
5.375657081604003906e-01 6.844642162322998047e-01
5.541353821754455566e-01 6.847819685935974121e-01
5.832808017730712891e-01 6.801506876945495605e-01
5.981419086456298828e-01 6.568101048469543457e-01
6.261874437332153320e-01 6.649901270866394043e-01
6.673204898834228516e-01 6.745896339416503906e-01
6.699644923210144043e-01 6.972918510437011719e-01
7.080436944961547852e-01 7.131960391998291016e-01
7.545827031135559082e-01 7.441716790199279785e-01
7.580507993698120117e-01 7.692407965660095215e-01
7.600924372673034668e-01 7.185264825820922852e-01
7.676131725311279297e-01 7.037301063537597656e-01
7.823411822319030762e-01 6.992570757865905762e-01
7.902095317840576172e-01 7.050717473030090332e-01
8.098911046981811523e-01 7.179295420646667480e-01
8.497315645217895508e-01 7.494730353355407715e-01
8.893093466758728027e-01 7.966148853302001953e-01
8.900271058082580566e-01 7.981799244880676270e-01
9.039136171340942383e-01 7.870485186576843262e-01
9.240642189979553223e-01 7.650164961814880371e-01
9.663413166999816895e-01 7.832681536674499512e-01
9.893741607666015625e-01 7.702485918998718262e-01
9.706288576126098633e-01 7.670495510101318359e-01
9.742025732994079590e-01 7.689777016639709473e-01
9.857463240623474121e-01 7.842088937759399414e-01
1.007703185081481934e+00 7.815423011779785156e-01
1.032378196716308594e+00 7.619840502738952637e-01
1.086879849433898926e+00 7.961949110031127930e-01
1.109987735748291016e+00 7.719868421554565430e-01
1.155693650245666504e+00 7.918470501899719238e-01
1.173329830169677734e+00 8.103561997413635254e-01
1.170341730117797852e+00 7.972710728645324707e-01
1.189104318618774414e+00 8.324531316757202148e-01
1.189067482948303223e+00 8.400381803512573242e-01
1.191116094589233398e+00 8.252238631248474121e-01
1.213438391685485840e+00 8.631349802017211914e-01
1.219052910804748535e+00 8.543567061424255371e-01
1.239557981491088867e+00 8.630244135856628418e-01
1.255074024200439453e+00 8.702396154403686523e-01
1.280219674110412598e+00 9.044544696807861328e-01
1.301924705505371094e+00 9.051054716110229492e-01
1.306010842323303223e+00 9.065651297569274902e-01
1.323638439178466797e+00 8.696727156639099121e-01
1.358461499214172363e+00 8.773890733718872070e-01
1.416373610496520996e+00 8.861806988716125488e-01
1.463778257369995117e+00 9.138579964637756348e-01
1.466391801834106445e+00 8.944557905197143555e-01
1.465463876724243164e+00 9.077702164649963379e-01
1.488578677177429199e+00 9.191721081733703613e-01
1.500567674636840820e+00 9.092652797698974609e-01
1.498662948608398438e+00 9.119474291801452637e-01
1.512019515037536621e+00 9.210751056671142578e-01
1.532293319702148438e+00 9.471840262413024902e-01
1.532502293586730957e+00 9.234611988067626953e-01
1.561246395111083984e+00 9.696198105812072754e-01
1.609803915023803711e+00 9.404485821723937988e-01
1.647047519683837891e+00 9.564329981803894043e-01
1.681343436241149902e+00 9.545763731002807617e-01
1.691951036453247070e+00 9.601229429244995117e-01
1.697153329849243164e+00 9.838548302650451660e-01
1.717341065406799316e+00 1.007968187332153320e+00
1.719117164611816406e+00 9.999634027481079102e-01
1.733887434005737305e+00 1.004824876785278320e+00
1.745745062828063965e+00 1.033979415893554688e+00
1.734512209892272949e+00 9.965281486511230469e-01
1.751412272453308105e+00 1.032875537872314453e+00
1.782341718673706055e+00 1.003086090087890625e+00
1.831878185272216797e+00 1.036839842796325684e+00
1.865505337715148926e+00 1.046928405761718750e+00
1.864522457122802734e+00 1.031103134155273438e+00
1.886640906333923340e+00 1.054942727088928223e+00
1.899571418762207031e+00 1.028003454208374023e+00
1.909537434577941895e+00 1.031776189804077148e+00
1.928533196449279785e+00 1.076019287109375000e+00
1.934236526489257812e+00 1.058375835418701172e+00
1.959659337997436523e+00 1.096132516860961914e+00
1.993463516235351562e+00 1.091870307922363281e+00
2.022176742553710938e+00 1.092234492301940918e+00
2.054037332534790039e+00 1.119866609573364258e+00
2.070327520370483398e+00 1.112372398376464844e+00
2.079525709152221680e+00 1.122915267944335938e+00
2.085908174514770508e+00 1.134583830833435059e+00
2.119774818420410156e+00 1.142127513885498047e+00
2.126453876495361328e+00 1.158858895301818848e+00
2.146395206451416016e+00 1.163963556289672852e+00
2.174487113952636719e+00 1.156490445137023926e+00
2.202639579772949219e+00 1.186885833740234375e+00
2.228468656539916992e+00 1.173099994659423828e+00
2.235393762588500977e+00 1.174443721771240234e+00
2.234649181365966797e+00 1.171842932701110840e+00
2.248640298843383789e+00 1.220790624618530273e+00
2.278496265411376953e+00 1.227177739143371582e+00
2.302015304565429688e+00 1.221704483032226562e+00
2.313043355941772461e+00 1.236510634422302246e+00
2.305445909500122070e+00 1.238253355026245117e+00
2.319236516952514648e+00 1.244946718215942383e+00
2.360672235488891602e+00 1.251413702964782715e+00
2.397891283035278320e+00 1.266161799430847168e+00
2.437871456146240234e+00 1.269232511520385742e+00
2.458850383758544922e+00 1.278334736824035645e+00
2.447104930877685547e+00 1.287139654159545898e+00
2.440474271774291992e+00 1.298371315002441406e+00
2.451279163360595703e+00 1.306713461875915527e+00
2.465369224548339844e+00 1.324893236160278320e+00
2.492077589035034180e+00 1.344405651092529297e+00
2.504771947860717773e+00 1.358013749122619629e+00
2.527784824371337891e+00 1.352124929428100586e+00
2.561142683029174805e+00 1.358891844749450684e+00
2.573437690734863281e+00 1.346439003944396973e+00
2.592336177825927734e+00 1.355763196945190430e+00
2.615344047546386719e+00 1.369101047515869141e+00
2.630338907241821289e+00 1.359667181968688965e+00
2.642023801803588867e+00 1.385958075523376465e+00
2.650230169296264648e+00 1.373986124992370605e+00
2.661897182464599609e+00 1.373642802238464355e+00
2.674231290817260742e+00 1.375717759132385254e+00
2.699308872222900391e+00 1.406203508377075195e+00
2.713237762451171875e+00 1.435497760772705078e+00
2.716353178024291992e+00 1.459436416625976562e+00
2.748363494873046875e+00 1.456687927246093750e+00
2.769822359085083008e+00 1.461481451988220215e+00
2.792311906814575195e+00 1.476208925247192383e+00
2.811412572860717773e+00 1.498285889625549316e+00
2.818825960159301758e+00 1.511392474174499512e+00
2.842408180236816406e+00 1.516643762588500977e+00
2.866744995117187500e+00 1.510458827018737793e+00
2.879962444305419922e+00 1.491847872734069824e+00
2.897773742675781250e+00 1.511496663093566895e+00
2.916940212249755859e+00 1.504377484321594238e+00
2.920923233032226562e+00 1.527231693267822266e+00
2.941308736801147461e+00 1.554251909255981445e+00
2.961757898330688477e+00 1.589951038360595703e+00
