-2.000000000000000000e+00 -4.500000000000000000e+00 3.140000000000000124e+00
-2.019999088327639303e+00 -4.499831232747667720e+00 3.126312879645374299e+00
-2.039994113930114317e+00 -4.499389067630705341e+00 3.112658293042384727e+00
-2.059981198222359033e+00 -4.498674263083231928e+00 3.099036240191517244e+00
-2.079956690818942633e+00 -4.497687596129306797e+00 3.085446721092771849e+00
-2.099916954093111965e+00 -4.496429895633529128e+00 3.071889735746148098e+00
-2.119858358676566468e+00 -4.494902042429541389e+00 3.058365284151645991e+00
-2.139777306296006820e+00 -4.493104963733252966e+00 3.044873366309265972e+00
-2.159670229365992622e+00 -4.491039633682328613e+00 3.031413982219007597e+00
-2.179533591239287471e+00 -4.488707074497206406e+00 3.017987131880870866e+00
-2.199363886055753614e+00 -4.486108350533235978e+00 3.004592815294855779e+00
-2.219157643669917412e+00 -4.483244578864350238e+00 2.991231032460962780e+00
-2.238911423057280636e+00 -4.480116913296035897e+00 2.977901783379191425e+00
-2.258621815206959482e+00 -4.476726551016360744e+00 2.964605068049541714e+00
-2.278285445810053211e+00 -4.473074732258503161e+00 2.951340886472014091e+00
-2.297898973875195594e+00 -4.469162739600222700e+00 2.938109238646608556e+00
-2.317459093167837381e+00 -4.464991895342807382e+00 2.924910124573324222e+00
-2.336962531446042046e+00 -4.460563562886993516e+00 2.911743544252161975e+00
-2.356406052802827666e+00 -4.455879142002578064e+00 2.898609497683121372e+00
-2.375786456010569481e+00 -4.450940072215542109e+00 2.885507984866202857e+00
-2.395100574414898986e+00 -4.445747833132884352e+00 2.872439005801405987e+00
-2.414345277081118901e+00 -4.440303942216163868e+00 2.859402560488730760e+00
-2.433517469297630242e+00 -4.434609953864760534e+00 2.846398648928177622e+00
-2.452614093524291050e+00 -4.428667455715586065e+00 2.833427271119745683e+00
-2.471632130021865770e+00 -4.422478066937951091e+00 2.820488427063436276e+00
-2.490568596625749809e+00 -4.416043441881958742e+00 2.807582116759248514e+00
-2.509420549627427555e+00 -4.409365266796755556e+00 2.794708340207182395e+00
-2.528185084302110752e+00 -4.402445258762346825e+00 2.781867097407237921e+00
-2.546859333524787328e+00 -4.395285166828904799e+00 2.769058388359415535e+00
-2.565440462437550639e+00 -4.387886777697037388e+00 2.756282213063714792e+00
-2.583925678301757678e+00 -4.380251903935809210e+00 2.743538571520136138e+00
-2.602312227867371153e+00 -4.372382386555748290e+00 2.730827463728679128e+00
-2.620597397216856805e+00 -4.364280094736161075e+00 2.718148889689343761e+00
-2.638778511841061380e+00 -4.355946925120432134e+00 2.705502849402130483e+00
-2.656852933852337895e+00 -4.347384802385157343e+00 2.692889342867038849e+00
-2.674818065493357100e+00 -4.338595677007893059e+00 2.680308370084068859e+00
-2.692671349332298458e+00 -4.329581524509365842e+00 2.667759931053220512e+00
-2.710410267858941680e+00 -4.320344344962263605e+00 2.655244025774494254e+00
-2.728032343696054962e+00 -4.310886162224946361e+00 2.642760654247890084e+00
-2.745535137967418660e+00 -4.301209023552971189e+00 2.630309816473407114e+00
-2.762916251158838321e+00 -4.291314998699665928e+00 2.617891512451046232e+00
-2.780173324825494952e+00 -4.281206178843238952e+00 2.605505742180806994e+00
-2.797304040820359994e+00 -4.270884676021962534e+00 2.593152505662689844e+00
-2.814306121440176778e+00 -4.260352622381289756e+00 2.580831802896694338e+00
-2.831177328552294981e+00 -4.249612169725106803e+00 2.568543633882820476e+00
-2.847915463146780013e+00 -4.238665488940073445e+00 2.556287998621068702e+00
-2.864518366890847823e+00 -4.227514768822438818e+00 2.544064897111438572e+00
-2.880983922306780354e+00 -4.216162215315638839e+00 2.531874329353930531e+00
-2.897310052340027475e+00 -4.204610050929860066e+00 2.519716295348543689e+00
-2.913494720047165032e+00 -4.192860514171464104e+00 2.507590795095278935e+00
-2.929535926144837710e+00 -4.180915859843308269e+00 2.495497828594136269e+00
-2.945431712869781116e+00 -4.168778356770095783e+00 2.483437395845114803e+00
-2.961180163094951912e+00 -4.156450287456872950e+00 2.471409496848215870e+00
-2.976779399914175173e+00 -4.143933947555103359e+00 2.459414131603438136e+00
-2.992227586611724277e+00 -4.131231645170405642e+00 2.447451300110782491e+00
-3.007522926615594727e+00 -4.118345700175562563e+00 2.435521002370248489e+00
-3.022663663434472348e+00 -4.105278443528822763e+00 2.423623238381836131e+00
-3.037648080330033640e+00 -4.092032216763120012e+00 2.411758008145546306e+00
-3.052474497440163859e+00 -4.078609373169898689e+00 2.399925311661377680e+00
-3.067141275184695814e+00 -4.065012274787021873e+00 2.388125148929331143e+00
-3.081646813711448107e+00 -4.051243292022130404e+00 2.376357519949406250e+00
-3.095989552072092810e+00 -4.037304803450600943e+00 2.364622424721603000e+00
-3.110167967986050996e+00 -4.023199195215706681e+00 2.352919863245921839e+00
-3.124180577584148022e+00 -4.008928860436686392e+00 2.341249835522361877e+00
-3.138025935132016109e+00 -3.994496198624722716e+00 2.329612341550924448e+00
-3.151702632971236984e+00 -3.979903615076678225e+00 2.318007381331608663e+00
-3.165209306784465326e+00 -3.965153519599725840e+00 2.306434954864414522e+00
-3.178544629406122368e+00 -3.950248326692392009e+00 2.294895062149342024e+00
-3.191707309898963008e+00 -3.935190455063852788e+00 2.283387703186391171e+00
-3.204696095015617363e+00 -3.919982326856440213e+00 2.271912877975562850e+00
-3.217509768953066729e+00 -3.904626367089743422e+00 2.260470586516855729e+00
-3.230147153094911960e+00 -3.889125003111606471e+00 2.249060828810270696e+00
-3.242607105741430296e+00 -3.873480664056010436e+00 2.237683604855807307e+00
-3.254888521863832374e+00 -3.857695780307117239e+00 2.226338914653465562e+00
-3.266990335411910973e+00 -3.841772782918580376e+00 2.215026758203245905e+00
-3.278911516947411453e+00 -3.825714103133549759e+00 2.203747135505147892e+00
-3.290651072176249414e+00 -3.809522171893240383e+00 2.192500046559171523e+00
-3.302208042808497890e+00 -3.793199419305304687e+00 2.181285491365317242e+00
-3.313581506291977341e+00 -3.776748274141515260e+00 2.170103469923584605e+00
-3.324770575537709050e+00 -3.760171163342254985e+00 2.158953982233974056e+00
-3.335774398637226579e+00 -3.743470511527819067e+00 2.147837028296485151e+00
-3.346592158572276876e+00 -3.726648740516664393e+00 2.136752608111118334e+00
-3.357223073751181008e+00 -3.709708269076744003e+00 2.125700721677872718e+00
-3.367666397347105711e+00 -3.692651512361113220e+00 2.114681368996749189e+00
-3.377921416173855107e+00 -3.675480881227195074e+00 2.103694550067747304e+00
-3.387987450921678079e+00 -3.658198781933691635e+00 2.092740264890867508e+00
-3.397863855854613035e+00 -3.640807615700563993e+00 2.081818513466109355e+00
-3.407550018501236622e+00 -3.623309778276236237e+00 2.070929295793472846e+00
-3.417045359338808819e+00 -3.605707659512026098e+00 2.060072611872958426e+00
-3.426349331470821991e+00 -3.588003642943799143e+00 2.049248461704565649e+00
-3.435461420871968929e+00 -3.570200105482170372e+00 2.038456845288294517e+00
-3.444381146140088390e+00 -3.552299417024071815e+00 2.027697762624145472e+00
-3.453108057112858731e+00 -3.534303939872339928e+00 2.016971213712117628e+00
-3.461641735095580152e+00 -3.516216028448052811e+00 2.006277198552212315e+00
-3.469981792535314469e+00 -3.498038028913539765e+00 1.995615717144428425e+00
-3.478127872685517374e+00 -3.479772278802102825e+00 1.984986769488766623e+00
-3.486079649265430458e+00 -3.461421106655206525e+00 1.974390355585226242e+00
-3.493836826114228078e+00 -3.442986831667131931e+00 1.963826475433807950e+00
-3.501399137210600809e+00 -3.424471763352308962e+00 1.953295129034511302e+00
-3.508766346864270691e+00 -3.405878201227389823e+00 1.942796316387336519e+00
-3.515938247877087974e+00 -3.387208434417662950e+00 1.932330037492283603e+00
-3.522914661979256401e+00 -3.368464741364531889e+00 1.921896292349352331e+00
-3.529695439419236802e+00 -3.349649389505934938e+00 1.911495080958542925e+00
-3.536280458613231037e+00 -3.330764634966894455e+00 1.901126403319855385e+00
-3.542669625790014987e+00 -3.311812722257554409e+00 1.890790259433289489e+00
-3.548862874631288022e+00 -3.292795883978715477e+00 1.880486649298845458e+00
-3.554860166233329011e+00 -3.273716340503265432e+00 1.870215572916523072e+00
-3.560661489374002731e+00 -3.254576299635081771e+00 1.859977030286322552e+00
-3.566266858670571249e+00 -3.235377956479771555e+00 1.849771021408244120e+00
-3.571676314818290177e+00 -3.216123493120606192e+00 1.839597546282287333e+00
-3.576889924291792422e+00 -3.196815078353760775e+00 1.829456604908452411e+00
-3.581907778986042956e+00 -3.177454867436618535e+00 1.819348197286738911e+00
-3.586729995855728603e+00 -3.158045001843433397e+00 1.809272323417147499e+00
-3.591356716553296913e+00 -3.138587609028359982e+00 1.799228983299677953e+00
-3.595788107065874151e+00 -3.119084802195855044e+00 1.789218176934330273e+00
-3.600024357351264026e+00 -3.099538680078437025e+00 1.779239904321104238e+00
-3.604065681026300982e+00 -3.079951326706393377e+00 1.769294165459999846e+00
-3.607912316081010040e+00 -3.060324810886307478e+00 1.759380960351017542e+00
-3.611564523253927739e+00 -3.040661186367242141e+00 1.749500288994156882e+00
-3.615022585634977137e+00 -3.020962491657189553e+00 1.739652151389418089e+00
-3.618286808654939346e+00 -3.001230749734485670e+00 1.729836547536801161e+00
-3.621357519746617459e+00 -2.981467967862214241e+00 1.720053477436305656e+00
-3.624235068008608174e+00 -2.961676137409404053e+00 1.710302941087932238e+00
-3.626919823871971538e+00 -2.941857233678993655e+00 1.700584938491680687e+00
-3.629412178770080821e+00 -2.922013215742556458e+00 1.690899469647551001e+00
-3.631712544811939836e+00 -2.902146026281754221e+00 1.681246534555542960e+00
-3.633821354459255915e+00 -2.882257591436509614e+00 1.671626133215656562e+00
-3.635739059403987117e+00 -2.862349820491769226e+00 1.662038265627892253e+00
-3.637466129921492541e+00 -2.842424605669528592e+00 1.652482931792249587e+00
-3.639003056461175056e+00 -2.822483822394634245e+00 1.642960131708728788e+00
-3.640350348336382158e+00 -2.802529328959366239e+00 1.633469865377329855e+00
-3.641508533369509415e+00 -2.782562966393379966e+00 1.624012132798052566e+00
-3.642478157559584595e+00 -2.762586558343810061e+00 1.614586933970897142e+00
-3.643259784752773456e+00 -2.742601910961353529e+00 1.605194268895863363e+00
-3.643853996315996824e+00 -2.722610812792308543e+00 1.595834137572951672e+00
-3.644261390813855250e+00 -2.702615034676516537e+00 1.586506540002161625e+00
-3.644482583689043764e+00 -2.682616329651174691e+00 1.577211476183493222e+00
-3.644518206779307157e+00 -2.662616432827316526e+00 1.567948946116946907e+00
-3.644368906779030581e+00 -2.642617061061927508e+00 1.558718949802522236e+00
-3.644035346771092421e+00 -2.622619913244151668e+00 1.549521487240219431e+00
-3.643518205504865826e+00 -2.602626670139193799e+00 1.540356558430038492e+00
-3.642818176835227462e+00 -2.582638994268962929e+00 1.531224163371978975e+00
-3.641935969397216422e+00 -2.562658529844177302e+00 1.522124302066041546e+00
-3.640872306283194249e+00 -2.542686902701603469e+00 1.513056974512225983e+00
-3.639627924722617980e+00 -2.522725720246373093e+00 1.504022180710532064e+00
-3.638203575764540343e+00 -2.502776571399323746e+00 1.495019920660960011e+00
-3.636600023962949457e+00 -2.482841026549305941e+00 1.486050194363509824e+00
-3.634818047064851676e+00 -2.462920637510351174e+00 1.477113001818181282e+00
-3.632858435296073552e+00 -2.443016937374473230e+00 1.468208343024974605e+00
-3.630721991260822179e+00 -2.423131440533799363e+00 1.459336217983889794e+00
-3.628409530034866215e+00 -2.403265642758737997e+00 1.450496626694926849e+00
-3.625921878580568247e+00 -2.383421021097190007e+00 1.441689569158085327e+00
-3.623259875439302391e+00 -2.363599033852203490e+00 1.432915045373365892e+00
-3.620424370426553740e+00 -2.343801120563948626e+00 1.424173055340768324e+00
-3.617416224329765839e+00 -2.324028701995965118e+00 1.415463599060292399e+00
-3.614236308609025894e+00 -2.304283180125608066e+00 1.406786676531938340e+00
-3.610885505100662307e+00 -2.284565938138631402e+00 1.398142287755705926e+00
-3.607364705723834941e+00 -2.264878340427848524e+00 1.389530432731595377e+00
-3.603674812116815396e+00 -2.245221732576712093e+00 1.380951111459606917e+00
-3.599816735127037592e+00 -2.225597441307991975e+00 1.372404323939739879e+00
-3.595791394962365217e+00 -2.206006774607474519e+00 1.363890070171994928e+00
-3.591599720750461078e+00 -2.186451021696666164e+00 1.355408350156371622e+00
-3.587242650229034435e+00 -2.166931453042419520e+00 1.346959163892870182e+00
-3.582721129465097132e+00 -2.147449320376886739e+00 1.338542511381490385e+00
-3.578036112577243077e+00 -2.128005856720972311e+00 1.330158392622232455e+00
-3.573188561461015933e+00 -2.108602276411206233e+00 1.321806807615096391e+00
-3.568179445517426274e+00 -2.089239775129970500e+00 1.313487756360081971e+00
-3.563009741384680851e+00 -2.069919529939022951e+00 1.305201238857189638e+00
-3.557680432666727288e+00 -2.050642699315671891e+00 1.296947255106418950e+00
-3.552192509421852495e+00 -2.031410423171119639e+00 1.288725805107769906e+00
-3.546546968155215751e+00 -2.012223822915076621e+00 1.280536888861242950e+00
-3.540744811624573885e+00 -1.993084001506967073e+00 1.272380506366837638e+00
-3.534787048487167294e+00 -1.973992043496084037e+00 1.264256657624554192e+00
-3.528674693045793731e+00 -1.954949015072858565e+00 1.256165342634392390e+00
-3.522408764998045783e+00 -1.935955964122911377e+00 1.248106561396352454e+00
-3.515990289188768880e+00 -1.917013920283794581e+00 1.240080313910434384e+00
-3.509420295365769604e+00 -1.898123895004365513e+00 1.232086600176637958e+00
-3.502699817938834226e+00 -1.879286881606727411e+00 1.224125420194963620e+00
-3.495829895742093463e+00 -1.860503855350650548e+00 1.216196773965410927e+00
-3.488811571698550829e+00 -1.841775773508494085e+00 1.208300661487979655e+00
-3.481645892487136074e+00 -1.823103575442548419e+00 1.200437082762670693e+00
-3.474333908641464852e+00 -1.804488182650518135e+00 1.192606037789483375e+00
-3.466876674170833006e+00 -1.785930498851596271e+00 1.184807526568417924e+00
-3.459275246327536024e+00 -1.767431410063289743e+00 1.177041549099474116e+00
-3.451530685384473163e+00 -1.748991784679797545e+00 1.169308105382652174e+00
-3.443644054415982758e+00 -1.730612473552419761e+00 1.161607195417952099e+00
-3.435616419081939377e+00 -1.712294310071938330e+00 1.153938819205373667e+00
-3.427448847415154543e+00 -1.694038110252902740e+00 1.146302976744917324e+00
-3.419142409612092148e+00 -1.675844672819742476e+00 1.138699668036582402e+00
-3.410698177799832642e+00 -1.657714779301530994e+00 1.131128893080369346e+00
-3.402117225541612999e+00 -1.639649194195638815e+00 1.123590651876278379e+00
-3.393400628069929148e+00 -1.621648664949257634e+00 1.116084944424309056e+00
-3.384549462022831801e+00 -1.603713922069430753e+00 1.108611770724461376e+00
-3.375564805174185334e+00 -1.585845679236987049e+00 1.101171130776735785e+00
-3.366447736241571231e+00 -1.568044633403081312e+00 1.093763024581131837e+00
-3.357199334697533732e+00 -1.550311464887149659e+00 1.086387452137649756e+00
-3.347820680584180142e+00 -1.532646837476193902e+00 1.079044413446289319e+00
-3.338312854331170421e+00 -1.515051398525346649e+00 1.071733908507050526e+00
-3.328676936577112055e+00 -1.497525779059639461e+00 1.064455937319934042e+00
-3.318914007994393955e+00 -1.480070593876905427e+00 1.057210499884938981e+00
-3.309025149117479359e+00 -1.462686441651762204e+00 1.049997596202066008e+00
-3.299011440174686616e+00 -1.445373905040589602e+00 1.042817226271314457e+00
-3.288873960921117945e+00 -1.428133550788265982e+00 1.035669390092684994e+00
-3.278613789817217405e+00 -1.410965930062054063e+00 1.028554087666177397e+00
-3.268232004390402956e+00 -1.393871578380602383e+00 1.021471318991791222e+00
-3.257729681558361179e+00 -1.376851015558108626e+00 1.014421084069527357e+00
-3.247107897061281001e+00 -1.359904745956861172e+00 1.007403382899384914e+00
-3.236367725306173337e+00 -1.343033258599912072e+00 1.000418215481364115e+00
-3.225510239214298025e+00 -1.326237027284466352e+00 9.934655818154655149e-01
-3.214536510071718922e+00 -1.309516510695934777e+00 9.865454819016884480e-01
-3.203447607382997386e+00 -1.292872152522593465e+00 9.796579157400333582e-01
-3.192244598728019689e+00 -1.276304381570771529e+00 9.728028833304999123e-01
-3.180928549621992563e+00 -1.259813611880527207e+00 9.659803846730882215e-01
-3.169500523378595336e+00 -1.243400242841731451e+00 9.591904197677986188e-01
-3.157961580976307747e+00 -1.227064659310504791e+00 9.524329886146305491e-01
-3.146312780927928987e+00 -1.210807231725953725e+00 9.457080912135844564e-01
-3.134555178905410244e+00 -1.194628316380349053e+00 9.390157275646600077e-01
-3.122689827392480133e+00 -1.178528255674285985e+00 9.323558976678574250e-01
-3.110717776404552382e+00 -1.162507377714196100e+00 9.257286015231767085e-01
-3.098640072961957426e+00 -1.146565996682523014e+00 9.191338391306176359e-01
-3.086457760949553375e+00 -1.130704412971051287e+00 9.125716104901806514e-01
-3.074171880998775475e+00 -1.114922913302283103e+00 9.060419156018650888e-01
-3.061783470372533955e+00 -1.099221770850933311e+00 8.995447544656713923e-01
-3.049293562852958051e+00 -1.083601245365477750e+00 8.930801270815997839e-01
-3.036703188631985295e+00 -1.068061583289702021e+00 8.866480334496497084e-01
-3.024013374204800986e+00 -1.052603017884202519e+00 8.802484735698216101e-01
-3.011225142266113153e+00 -1.037225769347770665e+00 8.738814474421151557e-01
-2.998339511609282138e+00 -1.021930044938621274e+00 8.675469550665304563e-01
-2.985357497028284790e+00 -1.006716039095399085e+00 8.612449964430677340e-01
-2.972280109148183413e+00 -9.915839336238222446e-01 8.549755715717267668e-01
-2.959108353901280797e+00 -9.765338981996762868e-01 8.487386804525076656e-01
-2.945843233185701404e+00 -9.615660898255371514e-01 8.425343230854102083e-01
-2.932485744570947794e+00 -9.466806531345817177e-01 8.363624994704345061e-01
-2.919036881127562655e+00 -9.318777205863733037e-01 8.302232096075807810e-01
-2.905497631340671294e+00 -9.171574125902449692e-01 8.241164534968486999e-01
-2.891868979026034125e+00 -9.025198376283775081e-01 8.180422311382385958e-01
-2.878151903248585608e+00 -8.879650923785143979e-01 8.120005425317501357e-01
-2.864347378243464970e+00 -8.734932618362808432e-01 8.059913876773834307e-01
-2.850456373339520511e+00 -8.591044194370479614e-01 8.000147665751387027e-01
-2.836479852885274155e+00 -8.447986271772999212e-01 7.940706792250156187e-01
-2.822418776177351596e+00 -8.305759357354618455e-01 7.881591256270145118e-01
-2.808274097391345592e+00 -8.164363845921294160e-01 7.822801057811350489e-01
-2.794046765508450214e+00 -8.023800021589219122e-01 7.764336196873773410e-01
-2.779737723957858897e+00 -7.884068063040913232e-01 7.706196673457416102e-01
-2.765347910874667026e+00 -7.745168040273577859e-01 7.648382487562275234e-01
-2.750878259117317093e+00 -7.607099914707098343e-01 7.590893639188354136e-01
-2.736329696080674001e+00 -7.469863542150319002e-01 7.533730128335648368e-01
-2.721703143637829836e+00 -7.333458674007055089e-01 7.476891955004161261e-01
-2.706999518084066025e+00 -7.197884958475871953e-01 7.420379119193893924e-01
-2.692219730082952456e+00 -7.063141941743273922e-01 7.364191620904843028e-01
-2.677364684614585322e+00 -6.929229069169978716e-01 7.308329460137011901e-01
-2.662435280925925518e+00 -6.796145686469768910e-01 7.252792636890397215e-01
-2.647432412483242015e+00 -6.663891040880656202e-01 7.197581151164998969e-01
-2.632356966926630903e+00 -6.532464282327884453e-01 7.142695002960822714e-01
-2.617209826026594577e+00 -6.401864464578405078e-01 7.088134192277860679e-01
-2.601991865642681034e+00 -6.272090546386501764e-01 7.033898719116119524e-01
-2.586703955571996172e+00 -6.143141395035703889e-01 6.979988583475594810e-01
-2.571346959501951801e+00 -6.015015787678619219e-01 6.926403785356287646e-01
-2.555921735214784274e+00 -5.887712407308640650e-01 6.873144324758200252e-01
-2.540429134417853785e+00 -5.761229846791194875e-01 6.820210201681329298e-01
-2.524870002708293981e+00 -5.635566610044661084e-01 6.767601416125677005e-01
-2.509245179541263582e+00 -5.510721113174400498e-01 6.715317968091242262e-01
-2.493555498200002774e+00 -5.386691685598243851e-01 6.663359857578025069e-01
-2.477801785767661968e+00 -5.263476571163010487e-01 6.611727084586027647e-01
-2.461984863100891374e+00 -5.141073929251800401e-01 6.560419649115245555e-01
-2.446105544805170062e+00 -5.019481835881798304e-01 6.509437551165684344e-01
-2.430164639211851441e+00 -4.898698284792160074e-01 6.458780790737339572e-01
-2.414162948356910032e+00 -4.778721188521830032e-01 6.408449367830211241e-01
-2.398101267961366467e+00 -4.659548379476851632e-01 6.358443282444303790e-01
-2.381980387389703857e+00 -4.541177611943439385e-01 6.308762534579613890e-01
-2.365801089557912462e+00 -4.423606566192014311e-01 6.259407124236141540e-01
-2.349564151076686258e+00 -4.306832843132141209e-01 6.210377051413886740e-01
-2.333270342180653767e+00 -4.190853967667607094e-01 6.161672316112849490e-01
-2.316920426705271208e+00 -4.075667390177032390e-01 6.113292918333030901e-01
-2.300515162075778886e+00 -3.961270487557864706e-01 6.065238858074429862e-01
-2.284055299297634178e+00 -3.847660564260584337e-01 6.017510135337048593e-01
-2.267541582948392254e+00 -3.734834853312795078e-01 5.970106750120882655e-01
-2.250974751171021193e+00 -3.622790517333084881e-01 5.923028702425935377e-01
-2.234355535668623993e+00 -3.511524649534335518e-01 5.876275992252206759e-01
-2.217684661700546567e+00 -3.401034274716271955e-01 5.829848619599695692e-01
-2.200962848079858869e+00 -3.291316350247083244e-01 5.783746584468403285e-01
-2.184190807172170068e+00 -3.182367767033763006e-01 5.737969886858328428e-01
-2.167369244894661318e+00 -3.074185350683842355e-01 5.692518526769471121e-01
-2.150498860698311532e+00 -2.966765865942929681e-01 5.647392504201833585e-01
-2.133580347596170768e+00 -2.860106012989970803e-01 5.602591819155411379e-01
-2.116614392166237923e+00 -2.754202428562054772e-01 5.558116471630210054e-01
-2.099601674550469976e+00 -2.649051687992757809e-01 5.513966461626224058e-01
-2.082542868461002339e+00 -2.544650306150844088e-01 5.470141789143456723e-01
-2.065438641187541169e+00 -2.440994738368574835e-01 5.426642454181908048e-01
-2.048289653605915639e+00 -2.338081381359493893e-01 5.383468456741576924e-01
-2.031096560187774624e+00 -2.235906574125565149e-01 5.340619796822464460e-01
-2.013860009011386509e+00 -2.134466598853405062e-01 5.298096474424568436e-01
-1.996580641773543885e+00 -2.033757681799558403e-01 5.255898489547891073e-01
-1.979259093802530955e+00 -1.933775994164560752e-01 5.214025842192432370e-01
-1.961895994072142768e+00 -1.834517652955661438e-01 5.172478532358191217e-01
-1.944491965216735840e+00 -1.735978721838080108e-01 5.131256560045168724e-01
-1.927047623575817381e+00 -1.638155214220397282e-01 5.090359925253363782e-01
-1.909563579196806193e+00 -1.541043092958647720e-01 5.049788627982776390e-01
-1.892040435819127175e+00 -1.444638268504122580e-01 5.009542668233407658e-01
-1.874478790916878745e+00 -1.348936601574491356e-01 4.969622046005255922e-01
-1.856879235719136156e+00 -1.253933903979680686e-01 4.930026761298323956e-01
-1.839242355231163639e+00 -1.159625939437247677e-01 4.890756814112607875e-01
-1.821568728256541370e+00 -1.066008424377345998e-01 4.851812204448109900e-01
-1.803858927420164182e+00 -9.730770287370954508e-02 4.813192932304831695e-01
-1.786113519192103372e+00 -8.808273767442781343e-02 4.774898997682769930e-01
-1.768333063912311820e+00 -7.892550476902990275e-02 4.736930400581927381e-01
-1.750518115816137810e+00 -6.983555766922139307e-02 4.699287141002301271e-01
-1.732669223060645303e+00 -6.081244554438266364e-02 4.661969218943893822e-01
-1.714786927751703383e+00 -5.185571329556638159e-02 4.624976634406705034e-01
-1.696871765999734549e+00 -4.296490171855998907e-02 4.588309387390732130e-01
-1.678924267993738173e+00 -3.413954772248713188e-02 4.551967477895979552e-01
-1.660944957905905905e+00 -2.537918399750736798e-02 4.515950905922443415e-01
-1.642934353976369000e+00 -1.668333926124455913e-02 4.480259671470125937e-01
-1.624892968549438654e+00 -8.051538345157358001e-03 4.444893774539027120e-01
-1.606821308105845780e+00 5.166977353018437080e-04 4.409853215129145299e-01
-1.588719873295669327e+00 9.021851711524274398e-03 4.375137993240482692e-01
-1.570589158971919863e+00 1.746440999359116092e-02 4.340748108873036526e-01
-1.552429654224778188e+00 2.584486260312591349e-02 4.306683562026808465e-01
-1.534241842416453894e+00 3.416370310716491943e-02 4.272944352701799620e-01
-1.516026201216648994e+00 4.242142855304955468e-02 4.239530480898007769e-01
-1.497783202638614197e+00 5.061853940434193899e-02 4.206441946615435135e-01
-1.479513313075763392e+00 5.875553947777742425e-02 4.173678749854078940e-01
-1.461216993350675342e+00 6.683293585762582756e-02 4.141240890613941406e-01
-1.442894698855388569e+00 7.485123862983750209e-02 4.109128368895021421e-01
-1.424546879429494872e+00 8.281096114184198498e-02 4.077341184697321763e-01
-1.406173979431365462e+00 9.071261987870594956e-02 4.045879338020837435e-01
-1.387776437802069163e+00 9.855673435589704101e-02 4.014742828865571211e-01
-1.369354688106200202e+00 1.063438270601027857e-01 3.983931657231523094e-01
-1.350909158573216251e+00 1.140744233909687377e-01 3.953445823118693081e-01
-1.332440272139261639e+00 1.217490516037603165e-01 3.923285326527082839e-01
-1.313948446489454636e+00 1.293682427529523893e-01 3.893450167456689037e-01
-1.295434094100639699e+00 1.369325306367396855e-01 3.863940345907512786e-01
-1.276897622284558498e+00 1.444424517424810761e-01 3.834755861879554639e-01
-1.258339433231447257e+00 1.518985451930700836e-01 3.805896715372814598e-01
-1.239759924054029128e+00 1.593013526942365088e-01 3.777362906387294328e-01
-1.221159486832762431e+00 1.666514184815464927e-01 3.749154434922990498e-01
-1.202538508766108016e+00 1.739492891208852532e-01 3.721271300979904217e-01
-1.183897372120550795e+00 1.811955135925023552e-01 3.693713504558036043e-01
-1.165236454218612439e+00 1.883906433229282085e-01 3.666481045657385973e-01
-1.146556127543365999e+00 1.955352320541204891e-01 3.639573924277955674e-01
-1.127856759785803797e+00 2.026298357944716355e-01 3.612992140419741260e-01
-1.109138713892581674e+00 2.096750127706347167e-01 3.586735694082744952e-01
-1.090402348114092312e+00 2.166713233801761673e-01 3.560804585266966749e-01
-1.071648016052874075e+00 2.236193301450460358e-01 3.535198813972406651e-01
-1.052876066712333802e+00 2.305195976658662160e-01 3.509918380199066323e-01
-1.034086844545762496e+00 2.373726925770375251e-01 3.484963283946941881e-01
-1.015280689505646317e+00 2.441791835026567159e-01 3.460333525216035544e-01
-9.964579370932318270e-01 2.509396410132508359e-01 3.436029104006347312e-01
-9.776189184083526884e-01 2.576546375833206337e-01 3.412050020317877186e-01
-9.587639602582453957e-01 2.643247474875330405e-01 3.388396274150626275e-01
-9.398933852427870939e-01 2.709505467228975895e-01 3.365067865504591804e-01
-9.210075116330161960e-01 2.775326131506778982e-01 3.342064794379775439e-01
-9.021066535098556383e-01 2.840715263640118948e-01 3.319387060776177178e-01
-8.831911208193039542e-01 2.905678676449023889e-01 3.297034664693797024e-01
-8.642612194249175150e-01 2.970222199250434625e-01 3.275007606132636084e-01
-8.453172511605198114e-01 3.034351677473547393e-01 3.253305885092691585e-01
-8.263595138831446585e-01 3.098072972282126525e-01 3.231929501573965191e-01
-8.073883015261749119e-01 3.161391960203831508e-01 3.210878455576456902e-01
-7.884039041526821334e-01 3.224314532766455743e-01 3.190152747100166164e-01
-7.694066080089482229e-01 3.286846596141043131e-01 3.169752376145095196e-01
-7.503966955781504744e-01 3.348994070791876387e-01 3.149677342711240668e-01
-7.313744456342156086e-01 3.410762891133219399e-01 3.129927646798604246e-01
-7.123401333178944750e-01 3.472159005011331567e-01 3.110503288407185929e-01
-6.932940302959493817e-01 3.533188372511290587e-01 3.091404267536985717e-01
-6.742364046225189922e-01 3.593856967218911347e-01 3.072630584188004166e-01
-6.551675208532276029e-01 3.654170775413103645e-01 3.054182238360239610e-01
-6.360876401188454432e-01 3.714135795598055290e-01 3.036059230053693159e-01
-6.169970201811885158e-01 3.773758038188487207e-01 3.018261559268364813e-01
-5.978959154891747563e-01 3.833043525200696688e-01 3.000789226004254018e-01
-5.787845772350217466e-01 3.891998289949342160e-01 2.983642230261362993e-01
-5.596632534105656642e-01 3.950628376749936721e-01 2.966820572039688408e-01
-5.405321888637131256e-01 4.008939840626917772e-01 2.950324251339231374e-01
-5.213916253549880642e-01 4.066938747027319390e-01 2.934153268159993000e-01
-5.022418016141823038e-01 4.124631171539923091e-01 2.918307622501972176e-01
-4.830829533970934508e-01 4.182023199619844811e-01 2.902787314365171123e-01
-4.639153135466797528e-01 4.239120926290272373e-01 2.887592343749585400e-01
-4.447391121806518188e-01 4.295930455028528772e-01 2.872722710655218892e-01
-4.255545765875146103e-01 4.352457898551896909e-01 2.858178415082070489e-01
-4.063619312673847350e-01 4.408709378668356771e-01 2.843959457030139637e-01
-3.871613980419697509e-01 4.464691025683303893e-01 2.830065836499428000e-01
-3.679531961126244477e-01 4.520408978148819923e-01 2.816497553489933359e-01
-3.487375421184888968e-01 4.575869382617547831e-01 2.803254608001656267e-01
-3.295146501946716322e-01 4.631078393401178994e-01 2.790337000034597836e-01
-3.102847320304892298e-01 4.686042172333426681e-01 2.777744729588756956e-01
-2.910479969277459111e-01 4.740766888537434331e-01 2.765477796664134180e-01
-2.718046518590448990e-01 4.795258718197546455e-01 2.753536201260730620e-01
-2.525549015261153718e-01 4.849523844335386635e-01 2.741919943378543501e-01
-2.332989484181659245e-01 4.903568456590123859e-01 2.730629023017575041e-01
-2.140369928702275937e-01 4.957398751002925485e-01 2.719663440177824132e-01
-1.947692331214984640e-01 5.011020929805475310e-01 2.709023194859291328e-01
-1.754958653736728158e-01 5.064441201212498411e-01 2.698708287061977185e-01
-1.562170840297936736e-01 5.117665778182930447e-01 2.688718716785880036e-01
-1.369330816533768092e-01 5.170700878788803134e-01 2.679054484031001548e-01
-1.176440488095764209e-01 5.223552727264020312e-01 2.669715588797340611e-01
-9.835017427860258399e-02 5.276227552922067021e-01 2.660702031084897778e-01
-7.905164511569935659e-02 5.328731589956849923e-01 2.652013810893673051e-01
-5.974864671113096215e-02 5.381071077246664114e-01 2.643650928223666430e-01
-4.044136285020526189e-02 5.433252258161044290e-01 2.635613383074877358e-01
-2.112997577329984999e-02 5.485281380370496951e-01 2.627901175447306392e-01
-1.814666235904441316e-03 5.537164695658977065e-01 2.620514305340953531e-01
1.750438643133364613e-02 5.588908459739034829e-01 2.613452772755819331e-01
3.682700426257519422e-02 5.640518932069569225e-01 2.606716577691902126e-01
5.615301059675154027e-02 5.692002375676057380e-01 2.600305720149203026e-01
7.548223001755854922e-02 5.743365056973236404e-01 2.594220200127722031e-01
9.481448829346805773e-02 5.794613245590098938e-01 2.588460017627459142e-01
1.141496123177705851e-01 5.845753214197152436e-01 2.583025172648414358e-01
1.334874299790548835e-01 5.896791238045668848e-01 2.577915665190587124e-01
1.528277700410047291e-01 5.947733594547696123e-01 2.573131495253977996e-01
1.721704623254940447e-01 5.998586564122241338e-01 2.568672662838586973e-01
1.915153375330946317e-01 6.049356429531559387e-01 2.564539167944414055e-01
2.108622271762435330e-01 6.100049475688663625e-01 2.560731010571459243e-01
2.302109635183516578e-01 6.150671989491031111e-01 2.557248190719721981e-01
2.495613795129097423e-01 6.201230259655658994e-01 2.554090708389202824e-01
2.689133087426243129e-01 6.251730576555442065e-01 2.551258563579901772e-01
2.882665853585686944e-01 6.302179232056726033e-01 2.548751756291818826e-01
3.076210440193606344e-01 6.352582519357971025e-01 2.546570286524953985e-01
3.269765198303787868e-01 6.402946732829444265e-01 2.544714154279306695e-01
3.463328482830022592e-01 6.453278167853799818e-01 2.543183359554877510e-01
3.656898651939069489e-01 6.503583120667527639e-01 2.541977902351666430e-01
3.850474066444020682e-01 6.553867888203122050e-01 2.541097782669673455e-01
4.044053089198191842e-01 6.604138767931905241e-01 2.540543000508898586e-01
4.237634084199944362e-01 6.654402057597474940e-01 2.540313555869341267e-01
4.431215414837737510e-01 6.704664054623118430e-01 2.540409448751002053e-01
4.624795445599033661e-01 6.754931056833843872e-01 2.540830679153880944e-01
4.818372540677539617e-01 6.805209362001362061e-01 2.541577247077977941e-01
5.011945063170213377e-01 6.855505267612767017e-01 2.542649152523292488e-01
5.205511374464739660e-01 6.905825070711287816e-01 2.544046395489825141e-01
5.399069833627185844e-01 6.956175067736787287e-01 2.545768975977575899e-01
5.592618796790157498e-01 7.006561554365999811e-01 2.547816893986544762e-01
5.786156616541267006e-01 7.056990825352350560e-01 2.550190149516731175e-01
5.979681641312033502e-01 7.107469174365278475e-01 2.552888742568135694e-01
6.173192214767327934e-01 7.158002893828979696e-01 2.555912673140758318e-01
6.366686675195172285e-01 7.208598274760433799e-01 2.559261941234599047e-01
6.560163354897234900e-01 7.259261606606675077e-01 2.562936546849657882e-01
6.753620579579827643e-01 7.309999177081164534e-01 2.566936489985934822e-01
6.947056667745530323e-01 7.360817271999184896e-01 2.571261770643428757e-01
7.140469930030735046e-01 7.411722175095719622e-01 2.575912388822141907e-01
7.333858667817929611e-01 7.462720167624139478e-01 2.580888344522072608e-01
7.527221173754246042e-01 7.513817528525899014e-01 2.586189637743221414e-01
7.720555731032217039e-01 7.565020534226899462e-01 2.591816268485588326e-01
7.913860612544630913e-01 7.616335458394332125e-01 2.597768236749172233e-01
8.107134080274706056e-01 7.667768571762387797e-01 2.604045542533974800e-01
8.300374384686691753e-01 7.719326141956166509e-01 2.610648185839995472e-01
8.493579764117190622e-01 7.771014433313783165e-01 2.617576166667234250e-01
8.686748444167040617e-01 7.822839706706503637e-01 2.624829485015690578e-01
8.879878637093844285e-01 7.874808219356832506e-01 2.632408140885364456e-01
9.072968541205250759e-01 7.926926224654473607e-01 2.640312134276256995e-01
9.266016340252813954e-01 7.979199971970006855e-01 2.648541465188367638e-01
9.459020202826724510e-01 8.031635706466260238e-01 2.657096133621696388e-01
9.651978281751255606e-01 8.084239668907218235e-01 2.665976139576242687e-01
9.844888713481001474e-01 8.137018095464395584e-01 2.675181483052006537e-01
1.003774961749641648e+00 8.189977217520114650e-01 2.684712164048989602e-01
1.023055909544765996e+00 8.243123261395240986e-01 2.694568182567189663e-01
1.042331523078579014e+00 8.296462448214327878e-01 2.704749538606608383e-01
1.061601608831425514e+00 8.350000993744570721e-01 2.715256232167244654e-01
1.080865971343771603e+00 8.403745108144198284e-01 2.726088263249098476e-01
1.100124413156160275e+00 8.457700995750900841e-01 2.737245631852170957e-01
1.119376734749244040e+00 8.511874854866953166e-01 2.748728337976461544e-01
1.138622734483920151e+00 8.566272877541004638e-01 2.760536381621969682e-01
1.157862208541557525e+00 8.620901249346388795e-01 2.772669762788696479e-01
1.177094950864318923e+00 8.675766149155860196e-01 2.785128481476639717e-01
1.196320753095591272e+00 8.730873748912693078e-01 2.797912537685802170e-01
1.215539404520505018e+00 8.786230213397961952e-01 2.811021931416182174e-01
1.234750692006572947e+00 8.841841699994010817e-01 2.824456662667780837e-01
1.253954399944431808e+00 8.897714358443927773e-01 2.838216731440597052e-01
1.273150310188693402e+00 8.953854330606957346e-01 2.852302137734630261e-01
1.292338201998917802e+00 9.010267750209771664e-01 2.866712881549882685e-01
1.311517851993825978e+00 9.066960742630657544e-01 2.881448962886353216e-01
1.330689034094185041e+00 9.123939424646907437e-01 2.896510381744041296e-01
1.349851519433647784e+00 9.181209904086594653e-01 2.911897138122947482e-01
1.369005076317454384e+00 9.238778279611055133e-01 2.927609232023070662e-01
1.388149470164486310e+00 9.296650640445173197e-01 2.943646663444413059e-01
1.407284463449154144e+00 9.354833066102057337e-01 2.960009432386973005e-01
1.426409815643441492e+00 9.413331626102935390e-01 2.976697538850751612e-01
1.445525283159089014e+00 9.472152379692082569e-01 2.993710982835747769e-01
1.464630619289926994e+00 9.531301375546722410e-01 3.011049764341960921e-01
1.483725574154365123e+00 9.590784651481826240e-01 3.028713883369392734e-01
1.502809894638026833e+00 9.650608234149630205e-01 3.046703339918043207e-01
1.521883324336551713e+00 9.710778138733868747e-01 3.065018133987911231e-01
1.540945603498554028e+00 9.771300368638565770e-01 3.083658265578997359e-01
1.559996468968744443e+00 9.832180915171289115e-01 3.102623734691299928e-01
1.579035654131224709e+00 9.893425757220811745e-01 3.121914541324822268e-01
1.598062888875399823e+00 9.955040860997894647e-01 3.141530685479562712e-01
1.617077899590180223e+00 1.001703217985650651e+00 3.161472167155520707e-01
1.636080408982789614e+00 1.007940565357055229e+00 3.181738986352696807e-01
1.655070136074115350e+00 1.014216720814557382e+00 3.202331143071089348e-01
1.674046796149915028e+00 1.020532275548837964e+00 3.223248637310701659e-01
1.693010100705752530e+00 1.026887819305063010e+00 3.244491469071531520e-01
1.711959757392165660e+00 1.033283940346626517e+00 3.266059638353579486e-01
1.730895469960051170e+00 1.039721225418257733e+00 3.287953145156845558e-01
1.749816938206273820e+00 1.046200259708487623e+00 3.310171989481328070e-01
1.768723857919515252e+00 1.052721626811466304e+00 3.332716171327029797e-01
1.787615920826342020e+00 1.059285908688114786e+00 3.355585690693950185e-01
1.806492814537524083e+00 1.065893685626611687e+00 3.378780547582088123e-01
1.825354222494588674e+00 1.072545536202197169e+00 3.402300741991444166e-01
1.844199823916619518e+00 1.079242037236286311e+00 3.426146273922016094e-01
1.863029293747311854e+00 1.085983763754886366e+00 3.450317143373808348e-01
1.881842302624429086e+00 1.092771288954248021e+00 3.474813350346818153e-01
1.900638516996480565e+00 1.099605184218496845e+00 3.499634894841046062e-01
1.919417598774966427e+00 1.106486018969902396e+00 3.524781776856492077e-01
1.938179205354679357e+00 1.113414360650295309e+00 3.550253996393154532e-01
1.956922989603685714e+00 1.120390774690771085e+00 3.576051553451036202e-01
1.975648599812664052e+00 1.127415824465960448e+00 3.602174448030135978e-01
1.994355679644561619e+00 1.134490071247553189e+00 3.628622680130453859e-01
2.013043868084557708e+00 1.141614074157050629e+00 3.655396249751989846e-01
2.031712799390340773e+00 1.148788390117747138e+00 3.682495156894741717e-01
2.050362103042711936e+00 1.156013573805926731e+00 3.709919401558713359e-01
2.068991403696502474e+00 1.163290177601264075e+00 3.737668983743903106e-01
2.087600321131828807e+00 1.170618751536426361e+00 3.765743903450310959e-01
2.106188470205676122e+00 1.177999843245859823e+00 3.794144160677936917e-01
2.124755460803819940e+00 1.185433997913756476e+00 3.822869755426778759e-01
2.143300897793094517e+00 1.192921758221189954e+00 3.851920687696840373e-01
2.161824380973994320e+00 1.200463664292407584e+00 3.881296957488120092e-01
2.180325505033639644e+00 1.208060253640276249e+00 3.910998564800617916e-01
2.198803859499089963e+00 1.215712061110866715e+00 3.941025509634333845e-01
2.217259028691016098e+00 1.223419618827169320e+00 3.971377791989265105e-01
2.235690591814906814e+00 1.231183456188328584e+00 4.002055411865417245e-01
2.254098123343839521e+00 1.239004099987716545e+00 4.033058369262786935e-01
2.272481191994597527e+00 1.246882073951607328e+00 4.064386664181374731e-01
2.290839361055255097e+00 1.254817898832450096e+00 4.096040296621180077e-01
2.309172188412036419e+00 1.262812092377422868e+00 4.128019266582201863e-01
2.327479226507553900e+00 1.270865169267690664e+00 4.160323574064443419e-01
2.345760022299525183e+00 1.278977641056765258e+00 4.192953219067903081e-01
2.364014117220000433e+00 1.287150016107967865e+00 4.225908201592580848e-01
2.382241047135086998e+00 1.295382799530978124e+00 4.259188521638476166e-01
2.400440342305182995e+00 1.303676493117465807e+00 4.292794179205587368e-01
2.418611527345736700e+00 1.312031595275795492e+00 4.326725174293918896e-01
2.436754121188511313e+00 1.320448600964791108e+00 4.360981506903468530e-01
2.454867637043397277e+00 1.328928001626559885e+00 4.395563177034236269e-01
2.472951582360748191e+00 1.337470285118360636e+00 4.430470184686221558e-01
2.491005458794262495e+00 1.346075935643509691e+00 4.465702529859422731e-01
2.509028762164419391e+00 1.354745433681319167e+00 4.501260212553844231e-01
2.527020982422453432e+00 1.363479255916049349e+00 4.537143232769483836e-01
2.544981603614906884e+00 1.372277875164879868e+00 4.573351590506341546e-01
2.562910103848741628e+00 1.381141760304881450e+00 4.609885285764416807e-01
2.580805955543459262e+00 1.390071376355586308e+00 4.646744318543707952e-01
2.598668625690311984e+00 1.399067184564104727e+00 4.683928688844219423e-01
2.616497574690987538e+00 1.408129641712243529e+00 4.721438396665949000e-01
2.634292256876036298e+00 1.417259200340647229e+00 4.759273442008896127e-01
2.652052120509731381e+00 1.426456308690786434e+00 4.797433824873061914e-01
2.669776607761650933e+00 1.435721410627371908e+00 4.835919545258442476e-01
2.687465154679005153e+00 1.445054945559785198e+00 4.874730603165043918e-01
2.705117191159701395e+00 1.454457348362507396e+00 4.913866998592863466e-01
2.722732140926175770e+00 1.463929049294554918e+00 4.953328731541900565e-01
2.740309421499990794e+00 1.473470473917902757e+00 4.993115802012155768e-01
2.757848444177203540e+00 1.483082043014890994e+00 5.033228210003626302e-01
2.775348614004525594e+00 1.492764172504613240e+00 5.073665955516317716e-01
2.792809329756266390e+00 1.502517273358266570e+00 5.114429038550226680e-01
2.810229983912086116e+00 1.512341751513472277e+00 5.155517459105354305e-01
2.827609962635559970e+00 1.522238007787546366e+00 5.196931217181699481e-01
2.844948645753554217e+00 1.532206437789720876e+00 5.238670312779259985e-01
2.862245406736445563e+00 1.542247431832306503e+00 5.280734745898041371e-01
2.879499612679157661e+00 1.552361374840784292e+00 5.323124516538040307e-01
2.896710624283064917e+00 1.562548646262828633e+00 5.365839624699257904e-01
2.913877796369034989e+00 1.572809620363749161e+00 5.408880070381694161e-01
2.931000477776708024e+00 1.583144666071713225e+00 5.452245853585344637e-01
2.948078010288454287e+00 1.593554146108552727e+00 5.495936974310215994e-01
2.965109729267941585e+00 1.604038417371724368e+00 5.539953432556304902e-01
2.982094963656340969e+00 1.614597830845119431e+00 5.584295228323612470e-01
2.999033035963117655e+00 1.625232731504147266e+00 5.628962361612137588e-01
3.015923262257890869e+00 1.635943458219807134e+00 5.673954832421876926e-01
3.032764952163378602e+00 1.646730343661751750e+00 5.719272640752838255e-01
3.049557408849419282e+00 1.657593714200324087e+00 5.764915786605017134e-01
3.066299929028110327e+00 1.668533889807577442e+00 5.810884269978414673e-01
3.082991802950052929e+00 1.679551183957264993e+00 5.857178090873029763e-01
3.099632314401725708e+00 1.690645903523793514e+00 5.903797249288859073e-01
3.116220740704003234e+00 1.701818348680143700e+00 5.950741745225910373e-01
3.132756352711810521e+00 1.713068812794738882e+00 5.998011578684179224e-01
3.149238414814953924e+00 1.724397582327272804e+00 6.045606749663666735e-01
3.165666184940122196e+00 1.735804936723480685e+00 6.093527258164371796e-01
3.182038914554071063e+00 1.747291148308850683e+00 6.141773104186291077e-01
3.198355848668013923e+00 1.758856482181277103e+00 6.190344287729432349e-01
3.214616225845398745e+00 1.770501196104907526e+00 6.239240808793791171e-01
3.230819278989021548e+00 1.782225541210610720e+00 6.288462667379368654e-01
3.246964234654693193e+00 1.794029761164620318e+00 6.338009863486163686e-01
3.263050312483285254e+00 1.805914091457677229e+00 6.387882397114172939e-01
3.279076725748788057e+00 1.817878759850222847e+00 6.438080268263404182e-01
3.295042681373841820e+00 1.829923986262409041e+00 6.488603476933852976e-01
3.310947379946727054e+00 1.842049982663191088e+00 6.539452023125519320e-01
3.326790015739812034e+00 1.854256952958486249e+00 6.590625906838404324e-01
3.342569776729479081e+00 1.866545092878403089e+00 6.642125128072503548e-01
3.358285844617544758e+00 1.878914589863541096e+00 6.693949686827824763e-01
3.373937394854184646e+00 1.891365622950351266e+00 6.746099583104363528e-01
3.389523596662384897e+00 1.903898362655568111e+00 6.798574816902120954e-01
3.405043613063932550e+00 1.916512970859701515e+00 6.851375388221095930e-01
3.420496600906956619e+00 1.929209600689590243e+00 6.904501297061285126e-01
3.435881710895047014e+00 1.941988396400021077e+00 6.957952543422696312e-01
3.451198087617943777e+00 1.954849493254396275e+00 7.011729127305325049e-01
3.466444869583837463e+00 1.967793017404468214e+00 7.065831048709171336e-01
3.481621189253283788e+00 1.980819085769125465e+00 7.120258307634236283e-01
3.496726173074741428e+00 1.993927805912231843e+00 7.175010904080515450e-01
3.511758941544644408e+00 2.007119275954864612e+00 7.230088838048018829e-01
3.526718609913143343e+00 2.020393585481403242e+00 7.285492109536737537e-01
3.541604287392561279e+00 2.033750814129235973e+00 7.341220718546673796e-01
3.556415077126044544e+00 2.047191031349156365e+00 7.397274665077828715e-01
3.571150076500358317e+00 2.060714296693785919e+00 7.453653949130197853e-01
3.585808377196374241e+00 2.074320659697178382e+00 7.510358570703788983e-01
3.600389065241536457e+00 2.088010159753854289e+00 7.567388529798597663e-01
3.614891221064353122e+00 2.101782825997290161e+00 7.624743826414623893e-01
3.629313919550917422e+00 2.115638677177856142e+00 7.682424460551868783e-01
3.643656230103485161e+00 2.129577721540211410e+00 7.740430432210327893e-01
3.657917216701133345e+00 2.143599956700177334e+00 7.798761741390007884e-01
3.672095937962509549e+00 2.157705369521071948e+00 7.857418388090906536e-01
3.686191447210710237e+00 2.171893935989540836e+00 7.916400372313023848e-01
3.700202792540293828e+00 2.186165621090874644e+00 7.975707694056358710e-01
3.714129016886460910e+00 2.200520378683824774e+00 8.035340353320906681e-01
3.727969158096419378e+00 2.214958151374932349e+00 8.095298350106677754e-01
3.741722248949664209e+00 2.229478870422872738e+00 8.155581684413668597e-01
3.755387317082300669e+00 2.244082455698567902e+00 8.216190356241874770e-01
3.768963385409055622e+00 2.258768815361097193e+00 8.277124365591299604e-01
3.782449472071037544e+00 2.273537845806030688e+00 8.338383712461937547e-01
3.795844590495241366e+00 2.288389431550641451e+00 8.399968396853798591e-01
3.809147749477979072e+00 2.303323445106273404e+00 8.461878418766877186e-01
3.822357953270571151e+00 2.318339746850329508e+00 8.524113778201173330e-01
3.835474201667314453e+00 2.333438184897866918e+00 8.586674475156688136e-01
3.848495490095739768e+00 2.348618594972815998e+00 8.649560509633416050e-01
3.861420809709190660e+00 2.363880800278834737e+00 8.712771881631367066e-01
3.874249147481727995e+00 2.379224611369798570e+00 8.776308591150535632e-01
3.886979486305396136e+00 2.394649826019942918e+00 8.840170638190921748e-01
3.899610805089854360e+00 2.410156229093665115e+00 8.904358022752526525e-01
3.912142078864406347e+00 2.425743592414990157e+00 8.968870744835344411e-01
3.924572278882441534e+00 2.441411674636719820e+00 9.033708804439385398e-01
3.936900372728300290e+00 2.457160221109254028e+00 9.098872201564643936e-01
3.949125324691387995e+00 2.472988964617101715e+00 9.164360936211124464e-01
3.961246095743906626e+00 2.488897624807651088e+00 9.230175008378818102e-01
3.973261643313151126e+00 2.504885906938082663e+00 9.296314418067725960e-01
3.985170921637346098e+00 2.520953502526616319e+00 9.362779165277856919e-01
3.996972881887643325e+00 2.537100089228677025e+00 9.429569250009205428e-01
4.008666472292695460e+00 2.553325330712888697e+00 9.496684672261771487e-01
4.020250638265935095e+00 2.569628876537263018e+00 9.564125432035556207e-01
4.031724322535582772e+00 2.586010362025614739e+00 9.631891529330554036e-01
4.043086465277413666e+00 2.602469408144224339e+00 9.699982964146773856e-01
4.054336004250289172e+00 2.619005621378751592e+00 9.768399736484212337e-01
4.065471874934498686e+00 2.635618593611443572e+00 9.837141846342868368e-01
4.076493010672912476e+00 2.652307901998635309e+00 9.906209293722743059e-01
4.087398342814983820e+00 2.669073108848575515e+00 9.975602078623830860e-01
4.098186800863619084e+00 2.685913761499594266e+00 1.004532020104613954e+00
4.108857312624930813e+00 2.702829392198621949e+00 1.011536366098966910e+00
4.119408804336800678e+00 2.719819518047200457e+00 1.018573245845441733e+00
4.129840200564422581e+00 2.736883641604719752e+00 1.025642659344038199e+00
4.140150424760556724e+00 2.754021249649932557e+00 1.032744606594756087e+00
4.150338399360416375e+00 2.771231813246676889e+00 1.039879087597596508e+00
4.160403045874575767e+00 2.788514787823875629e+00 1.047046102352557906e+00
4.170343285054658011e+00 2.805869613061885648e+00 1.054245650859640948e+00
4.180158037061972642e+00 2.823295712779599231e+00 1.061477733118846967e+00
4.189846221639110802e+00 2.840792494822339087e+00 1.068742349130173519e+00
4.199406758284551344e+00 2.858359350950603339e+00 1.076039498893623048e+00
4.208838566430253003e+00 2.875995656729621874e+00 1.083369182409193332e+00
4.218140565622303662e+00 2.893700771419823958e+00 1.090731399676885482e+00
4.227311675704600979e+00 2.911474037868182485e+00 1.098126150696700387e+00
4.236350817005607006e+00 2.929314782400486372e+00 1.105553435468636270e+00
4.245256910528211414e+00 2.947222314714588176e+00 1.113013253992694684e+00
4.254028878142682046e+00 2.965195927774595397e+00 1.120505606268874077e+00
4.262665642782773823e+00 2.983234897706101396e+00 1.128030492297175114e+00
4.271166128509925386e+00 3.001338484133388995e+00 1.135587912077599126e+00
4.279529260568027738e+00 3.019505930558854523e+00 1.143177865610143895e+00
4.287753966111248261e+00 3.037736462556285932e+00 1.150800352894811418e+00
4.295839174163671892e+00 3.056029288483996353e+00 1.158455373931599697e+00
4.303783815813719826e+00 3.074383599443115234e+00 1.166142928720509619e+00
4.311586824427022790e+00 3.092798569187358737e+00 1.173863017261542740e+00
4.319247135862442022e+00 3.111273354034401972e+00 1.181615639554696395e+00
4.326763688691267262e+00 3.129807092778916111e+00 1.189400795599972804e+00
4.334135424419581106e+00 3.148398906607239756e+00 1.197218485397370191e+00
4.341361287713840333e+00 3.167047899013794687e+00 1.205068708946889222e+00
4.348440226629668004e+00 3.185753155719222907e+00 1.212951466248531229e+00
4.355371192843876749e+00 3.204513744590303137e+00 1.220866757302293770e+00
4.362153141889757002e+00 3.223328715561706748e+00 1.228814582108179287e+00
4.368785033395622186e+00 3.242197100559566891e+00 1.236794940666185560e+00
4.375265831326656141e+00 3.261117913426975434e+00 1.244807832976313478e+00
4.381594504223048858e+00 3.280090149861946358e+00 1.252853259038564815e+00
4.387770024798182789e+00 3.299112788327964285e+00 1.260931218852936464e+00
4.393791370844992272e+00 3.318184788997724510e+00 1.269041712419430867e+00
4.399657525793555735e+00 3.337305093230141129e+00 1.277184739738046249e+00
4.405367478614715893e+00 3.356472624041361374e+00 1.285360300808783274e+00
4.410920224076955165e+00 3.375686286049936147e+00 1.293568395631643053e+00
4.416314763006410793e+00 3.394944965424526284e+00 1.301809024206623810e+00
4.421550102550054540e+00 3.414247529834226302e+00 1.310082186533727322e+00
4.426625256442021872e+00 3.433592828401473174e+00 1.318387882612951589e+00
4.431539245273131478e+00 3.452979691657673378e+00 1.326726112444297501e+00
4.436291096763580910e+00 3.472406931501523353e+00 1.335096876027766388e+00
4.440879846038845891e+00 3.491873341160096178e+00 1.343500173363356032e+00
4.445304535908784160e+00 3.511377695152765988e+00 1.351936004451068651e+00
4.449564217149966083e+00 3.530918749257948797e+00 1.360404369290901805e+00
4.453657948791227561e+00 3.550495240482784087e+00 1.368905267882856824e+00
4.457584798402476345e+00 3.570105887035739389e+00 1.377438700226934820e+00
4.461343842187389441e+00 3.589749388491049409e+00 1.386004666323133572e+00
4.464934164294231955e+00 3.609424426700019506e+00 1.394603166171455078e+00
4.468354858977444444e+00 3.629129664007868517e+00 1.403234199771897339e+00
4.471605030321986085e+00 3.648863743785707214e+00 1.411897767124461245e+00
4.474683792358149503e+00 3.668625290598891198e+00 1.420593868229148349e+00
4.477590269362029751e+00 3.688412910205845829e+00 1.429322503085955764e+00
4.480323596158896748e+00 3.708225189560580226e+00 1.438083671694886378e+00
4.482882918429468511e+00 3.728060696818873865e+00 1.446877374055937526e+00
4.485267393019087834e+00 3.747917981348275251e+00 1.455703610169110540e+00
4.487476188249803322e+00 3.767795573741897108e+00 1.464562380034406530e+00
4.489508484235349428e+00 3.787691985836089792e+00 1.473453683651823054e+00
4.491363473199045053e+00 3.807605710732076876e+00 1.482377521021362554e+00
4.493040359794589378e+00 3.827535222821536909e+00 1.491333892143022810e+00
4.494538361429773587e+00 3.847478977816267243e+00 1.500322797016804710e+00
4.495856708593094275e+00 3.867435412781921933e+00 1.509344235642709586e+00
4.496994645183288064e+00 3.887402946175894325e+00 1.518398208020735218e+00
4.497951427936087931e+00 3.907379978408361154e+00 1.527484714150884049e+00
4.498726326734999503e+00 3.927364891902699551e+00 1.536603754033153191e+00
4.499318626922332420e+00 3.947356050015882634e+00 1.545755327667543977e+00
4.499727628495072018e+00 3.967351797749732345e+00 1.554939435054058183e+00
4.499952646422355151e+00 3.987350461825640124e+00 1.564156076192692479e+00
