-3.000000000000000000e+00 3.000000000000000000e+00 -3.149999999999999911e+00
-3.019999755976061184e+00 3.000020633479976162e+00 -3.135253818371448009e+00
-3.039997768021049040e+00 2.999746698543245493e+00 -3.120543652704691695e+00
-3.059989554020948965e+00 2.999178998530223517e+00 -3.105869503000266985e+00
-3.079970851782735330e+00 2.998318371707254570e+00 -3.091231369258173878e+00
-3.099937434293530636e+00 2.997165720464660676e+00 -3.076629251478412375e+00
-3.119885082407245047e+00 2.995722003586951399e+00 -3.062063149660982919e+00
-3.139809617666246222e+00 2.993988247871117281e+00 -3.047533063805885067e+00
-3.159706894975653935e+00 2.991965534933523685e+00 -3.033038993913118819e+00
-3.179572807299509751e+00 2.989655009195411939e+00 -3.018580939982684175e+00
-3.199403283768303297e+00 2.987057863108579348e+00 -3.004158902014581578e+00
-3.219194298143473798e+00 2.984175362274454457e+00 -2.989772880008810585e+00
-3.238941858478471936e+00 2.981008814449900512e+00 -2.975422873965371195e+00
-3.258642010314301896e+00 2.977559579158719494e+00 -2.961108883884263854e+00
-3.278290840977597487e+00 2.973829073375237719e+00 -2.946830909765488116e+00
-3.297884480136982877e+00 2.969818763768490744e+00 -2.932588951609043981e+00
-3.317419096966039316e+00 2.965530171105730695e+00 -2.918383009414931895e+00
-3.336890904845944306e+00 2.960964862312643664e+00 -2.904213083183150967e+00
-3.356296157768605681e+00 2.956124456656352262e+00 -2.890079172913702088e+00
-3.375631154762289921e+00 2.951010617281433213e+00 -2.875981278606584812e+00
-3.394892238255423855e+00 2.945625054423234523e+00 -2.861919400261799584e+00
-3.414075792614702287e+00 2.939969528467211823e+00 -2.847893537879345960e+00
-3.433178246233726139e+00 2.934045845956013476e+00 -2.833903691459223939e+00
-3.452196072235952595e+00 2.927855858348889839e+00 -2.819949861001433522e+00
-3.471125789468520129e+00 2.921401457843451066e+00 -2.806032046505975153e+00
-3.489963963425459337e+00 2.914684573910552690e+00 -2.792150247972848387e+00
-3.508707206303955051e+00 2.907707178584949759e+00 -2.778304465402053225e+00
-3.527352178010918049e+00 2.900471282158267883e+00 -2.764494698793590111e+00
-3.545895586889694862e+00 2.892978931698502176e+00 -2.750720948147458600e+00
-3.564334187847944868e+00 2.885232212615658653e+00 -2.736983213463658693e+00
-3.582664774271778985e+00 2.877233257385236609e+00 -2.723281494742190834e+00
-3.600884192221829760e+00 2.868984228604321896e+00 -2.709615791983054134e+00
-3.618989336777782562e+00 2.860487322611534378e+00 -2.695986105186249482e+00
-3.636977151690400589e+00 2.851744769296947979e+00 -2.682392434351776433e+00
-3.654844629411066581e+00 2.842758831209162285e+00 -2.668834779479635433e+00
-3.672588807388674770e+00 2.833531804257592324e+00 -2.655313140569826036e+00
-3.690206772895477272e+00 2.824066014769737620e+00 -2.641827517622348243e+00
-3.707695663043509615e+00 2.814363818603859535e+00 -2.628377910637202053e+00
-3.725052664312171746e+00 2.804427600470570159e+00 -2.614964319614387911e+00
-3.742275012782370958e+00 2.794259772944128528e+00 -2.601586744553905373e+00
-3.759359991666399559e+00 2.783862776040658904e+00 -2.588245185455754438e+00
-3.776304933216060089e+00 2.773239075878511706e+00 -2.574939642319935107e+00
-3.793107220299280158e+00 2.762391163408123962e+00 -2.561670115146447824e+00
-3.809764285551509033e+00 2.751321553650300622e+00 -2.548436603935292588e+00
-3.826273611551983755e+00 2.740032784719645065e+00 -2.535239108686468512e+00
-3.842632729215319287e+00 2.728527417398195709e+00 -2.522077629399976484e+00
-3.858839217982149350e+00 2.716808034154424067e+00 -2.508952166075816059e+00
-3.874890707584071947e+00 2.704877237676879265e+00 -2.495862718713987238e+00
-3.890784877987591539e+00 2.692737649969240366e+00 -2.482809287314490465e+00
-3.906519458970107106e+00 2.680391911558810403e+00 -2.469791871877324851e+00
-3.922092229256940676e+00 2.667842680951957757e+00 -2.456810472402491730e+00
-3.937501014246669762e+00 2.655092634683467345e+00 -2.443865088889989767e+00
-3.952743690656786768e+00 2.642144464442978347e+00 -2.430955721339819853e+00
-3.967818184822366590e+00 2.629000876878447190e+00 -2.418082369751981098e+00
-3.982722472440576755e+00 2.615664592787393161e+00 -2.405245034126474835e+00
-3.997454578492506183e+00 2.602138346231354760e+00 -2.392443714463299731e+00
-4.012012577141807590e+00 2.588424883658185127e+00 -2.379678410762456675e+00
-4.026394591574536719e+00 2.574526963058330953e+00 -2.366949123023945223e+00
-4.040598791483204444e+00 2.560447354840781120e+00 -2.354255851247765374e+00
-4.054623394690521465e+00 2.546188839661830627e+00 -2.341598595433917573e+00
-4.068466667959115490e+00 2.531754206842073973e+00 -2.328977355582401376e+00
-4.082126925723263078e+00 2.517146254299188701e+00 -2.316392131693216783e+00
-4.095602529761633193e+00 2.502367787780968023e+00 -2.303842923766364237e+00
-4.108891888841945672e+00 2.487421620109789178e+00 -2.291329731801842851e+00
-4.121993458337528615e+00 2.472310570438522870e+00 -2.278852555799653512e+00
-4.134905741463735573e+00 2.457037463268731958e+00 -2.266411395759796221e+00
-4.147627293786399605e+00 2.441605126981362783e+00 -2.254006251682270534e+00
-4.160156713952058993e+00 2.426016394457755077e+00 -2.241637123567076451e+00
-4.172492646372720770e+00 2.410274101900445221e+00 -2.229304011414213971e+00
-4.184633781380574291e+00 2.394381088043673778e+00 -2.217006915223683094e+00
-4.196578854887356158e+00 2.378340193445983797e+00 -2.204745834995484266e+00
-4.208326648027250982e+00 2.362154259792496713e+00 -2.192520770729617041e+00
-4.219875986804312973e+00 2.345826129206252553e+00 -2.180331722426081420e+00
-4.231225744218133578e+00 2.329358643495800241e+00 -2.168178690084877402e+00
-4.242374838226706579e+00 2.312754643534517207e+00 -2.156061673706005433e+00
-4.253322229879943350e+00 2.296016968644101208e+00 -2.143980673289465066e+00
-4.264066924144525039e+00 2.279148455908039494e+00 -2.131935688835256748e+00
-4.274607969544438113e+00 2.262151939529136957e+00 -2.119926720343379589e+00
-4.284944457790513361e+00 2.245030250196561106e+00 -2.107953767813834478e+00
-4.295075523398965700e+00 2.227786214462409653e+00 -2.096016831246621415e+00
-4.305000343556531384e+00 2.210422654193722192e+00 -2.084115910641739511e+00
-4.314718138667329228e+00 2.192942386211296668e+00 -2.072251005999189655e+00
-4.324228170358684231e+00 2.175348221290525963e+00 -2.060422117318971402e+00
-4.333529741582371031e+00 2.157642963710841855e+00 -2.048629244601084753e+00
-4.342622196318780325e+00 2.139829410715866409e+00 -2.036872387845530152e+00
-4.351504919167361152e+00 2.121910351956797225e+00 -2.025151547052307155e+00
-4.360177334928149406e+00 2.103888568945844195e+00 -2.013466722221416205e+00
-4.368638908177176816e+00 2.085766834520191182e+00 -2.001817913352856415e+00
-4.376889143628230450e+00 2.067547912449352321e+00 -1.990205120446628451e+00
-4.384927585271662487e+00 2.049234556849025335e+00 -1.978628343502732534e+00
-4.392753815320763700e+00 2.030829511574224089e+00 -1.967087582521168221e+00
-4.400367454206295825e+00 2.012335509799711097e+00 -1.955582837501935511e+00
-4.407768160136881441e+00 1.993755273539179251e+00 -1.944114108445034406e+00
-4.414955628652318609e+00 1.975091513174802582e+00 -1.932681395350465348e+00
-4.421929592169821177e+00 1.956346926997142077e+00 -1.921284698218227893e+00
-4.428689819706479902e+00 1.937524200761754800e+00 -1.909924017048322265e+00
-4.435236117238122056e+00 1.918626007278394274e+00 -1.898599351840748239e+00
-4.441568325932535366e+00 1.899655005937374685e+00 -1.887310702595506040e+00
-4.447686322058941322e+00 1.880613842304457162e+00 -1.876058069312595444e+00
-4.453590016631762794e+00 1.861505147717166242e+00 -1.864841451992016674e+00
-4.459279354945625329e+00 1.842331538887953091e+00 -1.853660850633769730e+00
-4.464754316105008058e+00 1.823095617517781042e+00 -1.842516265237854167e+00
-4.470014912549136632e+00 1.803799969920075963e+00 -1.831407695804270430e+00
-4.475061190462748861e+00 1.784447166565431786e+00 -1.820335142333018519e+00
-4.479893228821593354e+00 1.765039761773559590e+00 -1.809298604824098433e+00
-4.484511138040453204e+00 1.745580293455108345e+00 -1.798298083277510173e+00
-4.488915060090779896e+00 1.726071282715515132e+00 -1.787333577693253295e+00
-4.493105168017654805e+00 1.706515233529174669e+00 -1.776405088071328242e+00
-4.497081665452305366e+00 1.686914632423935911e+00 -1.765512614411735237e+00
-4.500844786120184793e+00 1.667271948175933272e+00 -1.754656156714473614e+00
-4.504394793344589587e+00 1.647589631514747355e+00 -1.743835714979544038e+00
-4.507731979545851253e+00 1.627870114838898319e+00 -1.733051289206945844e+00
-4.510856666253467928e+00 1.608115811847496301e+00 -1.722302879396679476e+00
-4.513769205789543548e+00 1.588329116877210678e+00 -1.711590485548744933e+00
-4.516469976888888738e+00 1.568512405352380457e+00 -1.700914107663141994e+00
-4.518959385399171858e+00 1.548668033320000692e+00 -1.690273745739871103e+00
-4.521237864109279414e+00 1.528798337152911690e+00 -1.679669399778931371e+00
-4.523305872265516392e+00 1.508905633319328699e+00 -1.669101069780323909e+00
-4.525163895085345445e+00 1.488992218162339176e+00 -1.658568755744047829e+00
-4.526812443268668495e+00 1.469060367689372093e+00 -1.648072457670103796e+00
-4.528252052506641867e+00 1.449112337371636805e+00 -1.637612175558491368e+00
-4.529483282993131965e+00 1.429150361951609272e+00 -1.627187909409210320e+00
-4.530506720568141965e+00 1.409176654643806703e+00 -1.616799659222261321e+00
-4.531322975147952015e+00 1.389193407368341182e+00 -1.606447424997643925e+00
-4.531932678964539107e+00 1.369202791065481373e+00 -1.596131206735358354e+00
-4.532336487059123620e+00 1.349206955168753108e+00 -1.585851004435404610e+00
-4.532535076809890207e+00 1.329208027451498797e+00 -1.575606818097782469e+00
-4.532529147458799201e+00 1.309208113882817770e+00 -1.565398647722492154e+00
-4.532319419637514279e+00 1.289209298492883571e+00 -1.555226493309533442e+00
-4.531906634892422403e+00 1.269213643247645518e+00 -1.545090354858906556e+00
-4.531291555208763810e+00 1.249223187932906987e+00 -1.534990232370611496e+00
-4.530474962948018991e+00 1.229239949820138067e+00 -1.524926125844647817e+00
-4.529457661833264481e+00 1.209265922765146106e+00 -1.514898035281016186e+00
-4.528240473737840333e+00 1.189303078622399035e+00 -1.504905960679716159e+00
-4.526824239138433015e+00 1.169353366654040327e+00 -1.494949902040747958e+00
-4.525209816850766842e+00 1.149418713342116538e+00 -1.485029859364111360e+00
-4.523398083579133200e+00 1.129501022312015879e+00 -1.475145832649806366e+00
-4.521389933466426037e+00 1.109602174264517682e+00 -1.465297821897833419e+00
-4.519186277644674732e+00 1.089724026916452759e+00 -1.455485827108192076e+00
-4.516788043786078788e+00 1.069868414949980195e+00 -1.445709848280882559e+00
-4.514196175663395927e+00 1.050037149963501060e+00 -1.435969885415904423e+00
-4.511411633938828381e+00 1.030232019465017634e+00 -1.426265938513258114e+00
-4.508435394771245441e+00 1.010454787591003267e+00 -1.416598007572943851e+00
-4.505268448624309308e+00 9.907071956762127929e-01 -1.406966092594960971e+00
-4.501911800488415771e+00 9.709909617201190057e-01 -1.397370193579310138e+00
-4.498366469458926709e+00 9.513077803688217982e-01 -1.387810310525990909e+00
-4.494633488316020831e+00 9.316593229046873370e-01 -1.378286443435003283e+00
-4.490713903106165361e+00 9.120472372437172792e-01 -1.368798592306347484e+00
-4.486608772725213967e+00 8.924731479406454726e-01 -1.359346757140023509e+00
-4.482319168503122064e+00 8.729386562017668050e-01 -1.349930937936031139e+00
-4.477846174087071418e+00 8.534453395872854120e-01 -1.340551134694370816e+00
-4.473190885898951308e+00 8.339947511073082520e-01 -1.331207347415041875e+00
-4.468354410993581993e+00 8.145884211142092601e-01 -1.321899576098044760e+00
-4.463337867282811011e+00 7.952278566677903893e-01 -1.312627820743379248e+00
-4.458142383247055029e+00 7.759145414594731394e-01 -1.303392081351045562e+00
-4.452769097549313493e+00 7.566499358505257566e-01 -1.294192357921043701e+00
-4.447219158651687820e+00 7.374354769170702317e-01 -1.285028650453373444e+00
-4.441493724434411483e+00 7.182725785018713172e-01 -1.275900958948035013e+00
-4.435593961817381192e+00 6.991626312729001258e-01 -1.266809283405028186e+00
-4.429521046307153043e+00 6.801070029018156937e-01 -1.257753623824353406e+00
-4.423276162780158671e+00 6.611070364377980013e-01 -1.248733980206010008e+00
-4.416860503767707335e+00 6.421640523598802774e-01 -1.239750352549998436e+00
-4.410275269286428212e+00 6.232793483706431381e-01 -1.230802740856318689e+00
-4.403521666666118328e+00 6.044541992041543299e-01 -1.221891145124970546e+00
-4.396600910202324464e+00 5.856898567017344570e-01 -1.213015565355954006e+00
-4.389514220811646439e+00 5.669875498941734371e-01 -1.204176001549269515e+00
-4.382262825689832830e+00 5.483484850903023178e-01 -1.195372453704916405e+00
-4.374847957972754386e+00 5.297738459718227544e-01 -1.186604921822895342e+00
-4.367270856400305767e+00 5.112647936942767979e-01 -1.177873405903205883e+00
-4.359532765159016776e+00 4.928224666248697261e-01 -1.169177905945847806e+00
-4.351634933969240393e+00 4.744479795787488463e-01 -1.160518421950821999e+00
-4.343578616850959584e+00 4.561424258444269353e-01 -1.151894953918127573e+00
-4.335365072160519695e+00 4.379068765510508721e-01 -1.143307501847765195e+00
-4.326995562326255040e+00 4.197423806809227886e-01 -1.134756065739734199e+00
-4.318471353544250491e+00 4.016499651784019020e-01 -1.126240645594035028e+00
-4.309793715478450693e+00 3.836306350622870065e-01 -1.117761241410667905e+00
-4.300963920965218179e+00 3.656853735415208639e-01 -1.109317853189632164e+00
-4.291983245722451379e+00 3.478151421340580085e-01 -1.100910480930928470e+00
-4.282852968063343368e+00 3.300208807887118900e-01 -1.092539124634556158e+00
-4.273574368614899477e+00 3.123035080098376381e-01 -1.084203784300515450e+00
-4.264148730062636616e+00 2.946639206752210693e-01 -1.075904459928806789e+00
-4.254577336899644457e+00 2.771029938649532953e-01 -1.067641151519429732e+00
-4.244861475090994318e+00 2.596215819939873271e-01 -1.059413859072384723e+00
-4.235002431845261484e+00 2.422205184676713974e-01 -1.051222582587671095e+00
-4.225001495360789505e+00 2.249006157818947416e-01 -1.043067322065289071e+00
-4.214859954575887357e+00 2.076626656456860287e-01 -1.034948077505239317e+00
-4.204579098924548397e+00 1.905074391043558857e-01 -1.026864848907520722e+00
-4.194160218097805704e+00 1.734356866629872818e-01 -1.018817636272134397e+00
-4.183604601810816170e+00 1.564481384100573635e-01 -1.010806439599079232e+00
-4.172913539575782593e+00 1.395455041410061103e-01 -1.002831258888356114e+00
-4.162088320480818560e+00 1.227284734815353023e-01 -9.948920941399648221e-01
-4.151130232320776159e+00 1.059977167563810330e-01 -9.869889453539049118e-01
-4.140040561350415871e+00 8.935388515469230852e-02 -9.791218125301768271e-01
-4.128820593315357002e+00 7.279760944436494685e-02 -9.712906956687806792e-01
-4.117471612548068371e+00 5.632950089931864496e-02 -9.634955947697161349e-01
-4.105994901749657977e+00 3.995015145073003288e-02 -9.557365098329835273e-01
-4.094391741782500205e+00 2.366013383188762115e-02 -9.480134408585823014e-01
-4.082663411467803094e+00 7.460001723341498636e-03 -9.403263878465129011e-01
-4.070811187388157393e+00 -8.649710101805277440e-03 -9.326753507967755485e-01
-4.058836343695103821e+00 -2.466848563259685032e-02 -9.250603297093695776e-01
-4.046740151921789597e+00 -4.059582747504917460e-02 -9.174813245842955434e-01
-4.034523880800064966e+00 -5.643125670650309123e-02 -9.099383354215528907e-01
-4.022188795436187903e+00 -7.217431200573368177e-02 -9.024313622211421748e-01
-4.009736157509736110e+00 -8.782454992452759512e-02 -8.949604049830633956e-01
-3.997167225695402504e+00 -1.033815454038469056e-01 -8.875254637073161090e-01
-3.984483255059485085e+00 -1.188448911357408017e-01 -8.801265383939007592e-01
-3.971685496887051858e+00 -1.342141974029132656e-01 -8.727636290428169019e-01
-3.958775198513262872e+00 -1.494890919179772681e-01 -8.654367356540647593e-01
-3.945753603158843603e+00 -1.646692196625017257e-01 -8.581458582276445535e-01
-3.932621949769714575e+00 -1.797542427259373188e-01 -8.508909967635559513e-01
-3.919381472860797189e+00 -1.947438401445089340e-01 -8.436721512617992857e-01
-3.906033402363980667e+00 -2.096377077401796185e-01 -8.364893217223740018e-01
-3.892578963473960485e+00 -2.244355579529229983e-01 -8.293425081452805436e-01
-3.879019376170995681e+00 -2.391371193186338784e-01 -8.222317105305190221e-01
-3.865355855400919083e+00 -2.537421366550340340e-01 -8.151569288780889933e-01
-3.851589611051601914e+00 -2.682503710228919536e-01 -8.081181631879910121e-01
-3.837721847672385778e+00 -2.826615994047196323e-01 -8.011154134602244126e-01
-3.823753764339745675e+00 -2.969756145379697232e-01 -7.941486796947896387e-01
-3.809686554526609203e+00 -3.111922247483496218e-01 -7.872179618916868016e-01
-3.795521405975323948e+00 -3.253112537833218187e-01 -7.803232600509153460e-01
-3.781259500574261079e+00 -3.393325406458568283e-01 -7.734645741724760493e-01
-3.766902014238037388e+00 -3.532559394285246235e-01 -7.666419042563681341e-01
-3.752450116791351764e+00 -3.670813191479816440e-01 -7.598552503025919336e-01
-3.737904971846552904e+00 -3.808085635680689696e-01 -7.531046123111475588e-01
-3.723267736522874127e+00 -3.944375708285622339e-01 -7.463899902820348986e-01
-3.708539561552810948e+00 -4.079682535362268436e-01 -7.397113842152540641e-01
-3.693721591175202601e+00 -4.214005385955627569e-01 -7.330687941108048333e-01
-3.678814962983337988e+00 -4.347343669818901635e-01 -7.264622199686873172e-01
-3.663820807826546400e+00 -4.479696935754124976e-01 -7.198916617889017378e-01
-3.648740249715044737e+00 -4.611064869958690915e-01 -7.133571195714476509e-01
-3.633574405728020817e+00 -4.741447294378358657e-01 -7.068585933163255008e-01
-3.618324385924921227e+00 -4.870844165067464426e-01 -7.003960830235349544e-01
-3.602991293259939720e+00 -4.999255570556832562e-01 -6.939695886930760116e-01
-3.587576223499665318e+00 -5.126681730230108203e-01 -6.875791103249491165e-01
-3.572080265129538024e+00 -5.253122992458327811e-01 -6.812246479191536030e-01
-3.556504499161957877e+00 -5.378579830969664188e-01 -6.749062014756901373e-01
-3.540849999235572199e+00 -5.503052846266697218e-01 -6.686237709945581642e-01
-3.525117831509316346e+00 -5.626542763411583881e-01 -6.623773564757580168e-01
-3.509309054569595521e+00 -5.749050429999130740e-01 -6.561669579192896951e-01
-3.493424719363971587e+00 -5.870576814552221911e-01 -6.499925753251528660e-01
-3.477465869137688959e+00 -5.991123004926703910e-01 -6.438542086933480846e-01
-3.461433539373001356e+00 -6.110690206726343554e-01 -6.377518580238747958e-01
-3.445328757731286551e+00 -6.229279741728230846e-01 -6.316855233167332218e-01
-3.429152543997905145e+00 -6.346893046319277421e-01 -6.256552045719235844e-01
-3.412905910029789158e+00 -6.463531669944255764e-01 -6.196609017894454396e-01
-3.396589859689410407e+00 -6.579197273118911893e-01 -6.137026149692992316e-01
-3.380205388739919048e+00 -6.693891624318988320e-01 -6.077803441114845162e-01
-3.363753484904833613e+00 -6.807616601317156846e-01 -6.018940892160016265e-01
-3.347235127796432508e+00 -6.920374188865534570e-01 -5.960438502828506735e-01
-3.330651288863928805e+00 -7.032166476863295212e-01 -5.902296273120311021e-01
-3.314002931355298109e+00 -7.142995658842732354e-01 -5.844514203035435784e-01
-3.297291010281513834e+00 -7.252864030467170986e-01 -5.787092292573876584e-01
-3.280516472383171678e+00 -7.361773988041073746e-01 -5.730030541735633420e-01
-3.263680256099459775e+00 -7.469728027032941364e-01 -5.673328950520709624e-01
-3.246783291539451000e+00 -7.576728740611384794e-01 -5.616987518929101864e-01
-3.229826500455698746e+00 -7.682778818194812009e-01 -5.561006246960812360e-01
-3.212810796206477804e+00 -7.787881043260805880e-01 -5.505385134615838894e-01
-3.195737083708160231e+00 -7.892038290498498698e-01 -5.450124181894182573e-01
-3.178606259480362795e+00 -7.995253527998613663e-01 -5.395223388795845620e-01
-3.161419211600712931e+00 -8.097529814326697162e-01 -5.340682755320823594e-01
-3.144176819686086866e+00 -8.198870296960801829e-01 -5.286502281469120934e-01
-3.126879954878631906e+00 -8.299278210894480701e-01 -5.232681967240734311e-01
-3.109529479833819110e+00 -8.398756877253231723e-01 -5.179221812635663724e-01
-3.092126248710478365e+00 -8.497309701924734560e-01 -5.126121817653913615e-01
-3.074671107162779027e+00 -8.594940174203035133e-01 -5.073381982295478432e-01
-3.057164892334135686e+00 -8.691651865446866632e-01 -5.021002306560362616e-01
-3.039608432852980879e+00 -8.787448427752383440e-01 -4.968982790448561726e-01
-3.022002548830386548e+00 -8.882333592640370146e-01 -4.917323433960078538e-01
-3.004348051859488500e+00 -8.976311169758202091e-01 -4.866024237094914162e-01
-2.986645745016672127e+00 -9.069385045596654038e-01 -4.815085199853065268e-01
-2.968896422857629336e+00 -9.161559179738485437e-01 -4.764506322234536295e-01
-2.951100871424304994e+00 -9.252837604452326392e-01 -4.714287604239321694e-01
-2.933259868260816194e+00 -9.343224426945732075e-01 -4.664429045867425350e-01
-2.915374182414987470e+00 -9.432723825850674038e-01 -4.614930647118847262e-01
-2.897444574447632260e+00 -9.521340049957884855e-01 -4.565792407993585211e-01
-2.879471796443371368e+00 -9.609077416965132734e-01 -4.517014328491641972e-01
-2.861456592022922685e+00 -9.695940312236330794e-01 -4.468596408613014215e-01
-2.843399696356836426e+00 -9.781933187571248967e-01 -4.420538648357703604e-01
-2.825301836180623472e+00 -9.867060559985671997e-01 -4.372841047725712360e-01
-2.807163729811235520e+00 -9.951327010501792580e-01 -4.325503606717036598e-01
-2.788986087164865069e+00 -1.003473718294857653e+00 -4.278526325331680202e-01
-2.770769609776006615e+00 -1.011729578277191566e+00 -4.231909203569638733e-01
-2.752514990817748419e+00 -1.019900757585424422e+00 -4.185652241430914966e-01
-2.734222915130899878e+00 -1.027987738746657165e+00 -4.139755438915510011e-01
-2.715894059421553042e+00 -1.035991010392117939e+00 -4.094218796023421092e-01
-2.697529092069706369e+00 -1.043911066795736975e+00 -4.049042312754650430e-01
-2.679128673146199624e+00 -1.051748407747048475e+00 -4.004225989109195805e-01
-2.660693454501241284e+00 -1.059503538538433709e+00 -3.959769825087058326e-01
-2.642224079793920932e+00 -1.067176969856647784e+00 -3.915673820688240214e-01
-2.623721184522862959e+00 -1.074769217675432653e+00 -3.871937975912737029e-01
-2.605185396057991820e+00 -1.082280803149189286e+00 -3.828562290760553211e-01
-2.586617333673349783e+00 -1.089712252507689660e+00 -3.785546765231684874e-01
-2.568017608580960953e+00 -1.097064096951801515e+00 -3.742891399326134239e-01
-2.549386823965682503e+00 -1.104336872550198301e+00 -3.700596193043901860e-01
-2.530725575021011586e+00 -1.111531120137031037e+00 -3.658661146384985519e-01
-2.512034448985827950e+00 -1.118647385210525647e+00 -3.617086259349387989e-01
-2.493314025182006954e+00 -1.125686217832483793e+00 -3.575871531937106496e-01
-2.474564875090449867e+00 -1.132648172603833991e+00 -3.535016964148142704e-01
-2.455787562547094183e+00 -1.139533808879623855e+00 -3.494522555982496614e-01
-2.436982643487899836e+00 -1.146343690080258604e+00 -3.454388307440167116e-01
-2.418150666087272693e+00 -1.153078383789714501e+00 -3.414614218521155875e-01
-2.399292170826775816e+00 -1.159738461713530677e+00 -3.375200289225460670e-01
-2.380407690540268018e+00 -1.166324499588929919e+00 -3.336146519553083167e-01
-2.361497750459891520e+00 -1.172837077096069880e+00 -3.297452909504023921e-01
-2.342562868262908715e+00 -1.179276777770402074e+00 -3.259119459078280712e-01
-2.323603554119348491e+00 -1.185644188916119113e+00 -3.221146168275855759e-01
-2.304620310740434164e+00 -1.191939901520675305e+00 -3.183533037096747398e-01
-2.285613633427780567e+00 -1.198164510170351527e+00 -3.146280065540955628e-01
-2.266584010123318116e+00 -1.204318612966852164e+00 -3.109387253608483226e-01
-2.247531921459923865e+00 -1.210402811444906135e+00 -3.072854601299326305e-01
-2.228457840812746227e+00 -1.216417710490847126e+00 -3.036682108613488196e-01
-2.209362234405194414e+00 -1.222363918390634296e+00 -3.000869775550965013e-01
-2.190245561388155515e+00 -1.228242046813585509e+00 -2.965417602111760087e-01
-2.171108273746594541e+00 -1.234052710385118656e+00 -2.930325588295873973e-01
-2.151950816430248548e+00 -1.239796526791894449e+00 -2.895593734103303341e-01
-2.132773627411781447e+00 -1.245474116713973567e+00 -2.861222039534051520e-01
-2.113577137743448908e+00 -1.251086103753029199e+00 -2.827210504588115736e-01
-2.094361771614428047e+00 -1.256633114361696224e+00 -2.793559129265497654e-01
-2.075127946408763524e+00 -1.262115777774045489e+00 -2.760267913566197828e-01
-2.055876072763933138e+00 -1.267534725937166762e+00 -2.727336857490214039e-01
-2.036606554630007615e+00 -1.272890593443843921e+00 -2.694765961037548507e-01
-2.017319789329382829e+00 -1.278184017466314826e+00 -2.662555224208199567e-01
-1.998016167617078453e+00 -1.283415637691089684e+00 -2.630704647002167773e-01
-1.978696073741574635e+00 -1.288586096254822122e+00 -2.599214229419453126e-01
-1.959359885506417154e+00 -1.293696037681953959e+00 -2.568083971460057846e-01
-1.940007974357253362e+00 -1.298746108900759255e+00 -2.537313873123978047e-01
-1.920640705421488459e+00 -1.303736959111724047e+00 -2.506903934411215396e-01
-1.901258437558324133e+00 -1.308669239687699770e+00 -2.476854155321769890e-01
-1.881861523435696792e+00 -1.313543604157065392e+00 -2.447164535855641809e-01
-1.862450309594472220e+00 -1.318360708146891547e+00 -2.417835076012833095e-01
-1.843025136513103623e+00 -1.323121209327139836e+00 -2.388865775793339585e-01
-1.823586338672754437e+00 -1.327825767355878872e+00 -2.360256635197163222e-01
-1.804134244622849881e+00 -1.332475043825508187e+00 -2.332007654224304283e-01
-1.784669177047062405e+00 -1.337069702209970457e+00 -2.304118832874762768e-01
-1.765191452829715013e+00 -1.341610407812937833e+00 -2.276590171148540342e-01
-1.745701383122578276e+00 -1.346097827716958406e+00 -2.249421669045633121e-01
-1.726199273412076129e+00 -1.350532630733541906e+00 -2.222613326566043601e-01
-1.706685423586856709e+00 -1.354915487354172665e+00 -2.196165143709771228e-01
-1.687160128006322868e+00 -1.359247069709633493e+00 -2.170077120476816279e-01
-1.667623675574072317e+00 -1.363528051587862278e+00 -2.144349256867180142e-01
-1.648076349798670792e+00 -1.367759108287923686e+00 -2.118981552880859764e-01
-1.628518428864233369e+00 -1.371940916594620585e+00 -2.093974008517856533e-01
-1.608950185700980917e+00 -1.376074154749677314e+00 -2.069326623778170449e-01
-1.589371888054956994e+00 -1.380159502409005867e+00 -2.045039398661802066e-01
-1.569783798558058718e+00 -1.384197640600854706e+00 -2.021112333168752495e-01
-1.550186174798367622e+00 -1.388189251684831982e+00 -1.997545427299018406e-01
-1.530579269390788477e+00 -1.392135019311778965e+00 -1.974338681052601741e-01
-1.510963330047964348e+00 -1.396035628384486138e+00 -1.951492094429502222e-01
-1.491338599651476970e+00 -1.399891765019229961e+00 -1.929005667429720128e-01
-1.471705316323321133e+00 -1.403704116508116551e+00 -1.906879400053256846e-01
-1.452063713497634634e+00 -1.407473371282216945e+00 -1.885113292300109322e-01
-1.432414019992701570e+00 -1.411200218875470647e+00 -1.863707344170279223e-01
-1.412756460080277332e+00 -1.414885349907931911e+00 -1.842661555663766271e-01
-1.393091253552892761e+00 -1.418529456084215212e+00 -1.821975926780570743e-01
-1.373418615810017895e+00 -1.422133230073974408e+00 -1.801650457520693749e-01
-1.353738757925197378e+00 -1.425697365515799842e+00 -1.781685147884132792e-01
-1.334051886718573554e+00 -1.429222556988986037e+00 -1.762079997870888981e-01
-1.314358204830143650e+00 -1.432709499982605772e+00 -1.742835007480962595e-01
-1.294657910793226785e+00 -1.436158890865300020e+00 -1.723950176714353355e-01
-1.274951199108130151e+00 -1.439571426855772218e+00 -1.705425505571062927e-01
-1.255238260316000387e+00 -1.442947805993970656e+00 -1.687260994051088259e-01
-1.235519281072877451e+00 -1.446288727112941874e+00 -1.669456642154431014e-01
-1.215794444223917692e+00 -1.449594889811339549e+00 -1.652012449881091194e-01
-1.196063928877804550e+00 -1.452866994426573521e+00 -1.634928417231068520e-01
-1.176327910481331118e+00 -1.456105742008581005e+00 -1.618204544204364104e-01
-1.156586560894150573e+00 -1.459311834294203303e+00 -1.601840830800976279e-01
-1.136840048450738383e+00 -1.462485973712819298e+00 -1.585837277020905600e-01
-1.117088538040487578e+00 -1.465628863350024291e+00 -1.570193882864152068e-01
-1.097332191200232288e+00 -1.468741206882873351e+00 -1.554910648330715961e-01
-1.077571166178088014e+00 -1.471823708583867019e+00 -1.539987573420598110e-01
-1.057805618008716753e+00 -1.474877073298793473e+00 -1.525424658133796574e-01
-1.038035698588745337e+00 -1.477902006425108050e+00 -1.511221902470312461e-01
-1.018261556752296348e+00 -1.480899213890853217e+00 -1.497379306430145496e-01
-9.984833383466537038e-01 -1.483869402134107007e+00 -1.483896870013295954e-01
-9.787011863080488094e-01 -1.486813278082937950e+00 -1.470774593219764392e-01
-9.589152407375616249e-01 -1.489731549135857813e+00 -1.458012476049549422e-01
-9.391256389771532875e-01 -1.492624923142750415e+00 -1.445610518502651598e-01
-9.193325156858019875e-01 -1.495494108386265175e+00 -1.433568720579071198e-01
-8.995360029157615234e-01 -1.498339813563655198e+00 -1.421887082278808223e-01
-8.797362301870510493e-01 -1.501162747771481731e+00 -1.410565603601862950e-01
-8.599333245251863378e-01 -1.503963620538450119e+00 -1.399604284548234268e-01
-8.401274105903435707e-01 -1.506743141740459313e+00 -1.389003125117923010e-01
-8.203186107532569604e-01 -1.509502021585104714e+00 -1.378762125310929176e-01
-8.005070451580020841e-01 -1.512240970613671465e+00 -1.368881285127252490e-01
-7.806928317986421284e-01 -1.514960699685674816e+00 -1.359360604566893227e-01
-7.608760865959693920e-01 -1.517661919963752437e+00 -1.350200083629851666e-01
-7.410569234743329403e-01 -1.520345342898895780e+00 -1.341399722316126975e-01
-7.212354544385755073e-01 -1.523011680215998309e+00 -1.332959520625719707e-01
-7.014117896510481120e-01 -1.525661643899711262e+00 -1.324879478558629586e-01
-6.815860375087279266e-01 -1.528295946180585618e+00 -1.317159596114856890e-01
-6.617583047204305124e-01 -1.530915299521482975e+00 -1.309799873294401895e-01
-6.419286963841119853e-01 -1.533520416604244208e+00 -1.302800310097263492e-01
-6.220973160642823130e-01 -1.536112010316589505e+00 -1.296160906523442513e-01
-6.022642658695039897e-01 -1.538690793739242668e+00 -1.289881662572938958e-01
-5.824296465299984016e-01 -1.541257480133255697e+00 -1.283962578245752828e-01
-5.625935574753553325e-01 -1.543812782927518334e+00 -1.278403653541884122e-01
-5.427560969123399470e-01 -1.546357415706436589e+00 -1.273204888461332285e-01
-5.229173618700014847e-01 -1.548892092232075024e+00 -1.268366283004097872e-01
-5.030774481559949773e-01 -1.551417526559363713e+00 -1.263887837170180606e-01
-4.832364506892922185e-01 -1.553934432758013351e+00 -1.259769550959580764e-01
-4.633944634881066449e-01 -1.556443524995137828e+00 -1.256011424372298624e-01
-4.435515797271043503e-01 -1.558945517545632153e+00 -1.252613457408333353e-01
-4.237078918148048379e-01 -1.561441124781644652e+00 -1.249575650067685367e-01
-4.038634914710257928e-01 -1.563931061162164626e+00 -1.246898002350354667e-01
-3.840184698043925815e-01 -1.566416041222711941e+00 -1.244580514256341253e-01
-3.641729173899079797e-01 -1.568896779565108757e+00 -1.242623185785645401e-01
-3.443269243465767460e-01 -1.571373990847322766e+00 -1.241026016938266557e-01
-3.244805804151087436e-01 -1.573848389773362166e+00 -1.239789007714205138e-01
-3.046339750356733544e-01 -1.576320691083208825e+00 -1.238912158113461004e-01
-2.847871974257299987e-01 -1.578791609542772978e+00 -1.238395468136034155e-01
-2.649403366579302643e-01 -1.581261859933853264e+00 -1.238238937781924454e-01
-2.450934817380861497e-01 -1.583732157044086764e+00 -1.238442567051132176e-01
-2.252467216832304553e-01 -1.586203215656871723e+00 -1.239006355943657184e-01
-2.054001455997425396e-01 -1.588675750541248988e+00 -1.239930304459499616e-01
-1.855538427615652242e-01 -1.591150476441723471e+00 -1.241214412598659195e-01
-1.657079025975135844e-01 -1.593628108119979014e+00 -1.242858680361135781e-01
-1.458624147455040709e-01 -1.596109360358333173e+00 -1.244863107746930070e-01
-1.260174693679068370e-01 -1.598594947814010014e+00 -1.247227694756041505e-01
-1.061731570990931128e-01 -1.601085585083399598e+00 -1.249952441388470364e-01
-8.632956911979614012e-02 -1.603581986693814798e+00 -1.253037347644216370e-01
-6.648679723460013125e-02 -1.606084867093363622e+00 -1.256482413523279662e-01
-4.664493394945118387e-02 -1.608594940640696747e+00 -1.260287639025660378e-01
-2.680407254921465809e-02 -1.611112921594612279e+00 -1.264453024151358240e-01
-6.964307175252260063e-03 -1.613639524103503087e+00 -1.268978568900373527e-01
1.287426709695779770e-02 -1.616175462194632928e+00 -1.273864273272706238e-01
3.271155418016255534e-02 -1.618721449763224740e+00 -1.279110137268355818e-01
5.254745689764223071e-02 -1.621278200561347305e+00 -1.284716160887323100e-01
7.238187690546143971e-02 -1.623846428186583868e+00 -1.290682344129607528e-01
9.221471461468865038e-02 -1.626426846070469168e+00 -1.297008686995209381e-01
1.120458691135599455e-01 -1.629020167466677105e+00 -1.303695189484128381e-01
1.318752380895917287e-01 -1.631627105438947289e+00 -1.310741851596364249e-01
1.517027177516459546e-01 -1.634248372848733366e+00 -1.318148673331918097e-01
1.715282027541094045e-01 -1.636884682343315633e+00 -1.325915654690789092e-01
1.913515862972426929e-01 -1.639536746404950618e+00 -1.334042795672977511e-01
2.111727598624041358e-01 -1.642205277272617003e+00 -1.342530096278483076e-01
2.309916130583232752e-01 -1.644890986902102892e+00 -1.351377556507305511e-01
2.508080336387710774e-01 -1.647594586985424936e+00 -1.360585176359445647e-01
2.706219074256217549e-01 -1.650316788936973422e+00 -1.370152955834903208e-01
2.904331182319378479e-01 -1.653058303879303637e+00 -1.380080894933677915e-01
3.102415477850585801e-01 -1.655819842628556637e+00 -1.390368993655770047e-01
3.300470756496977076e-01 -1.658602115679497446e+00 -1.401017252001178770e-01
3.498495791510561892e-01 -1.661405833190156445e+00 -1.412025669969905473e-01
3.696489332979284170e-01 -1.664231704966055991e+00 -1.423394247561949599e-01
3.894450107058285426e-01 -1.667080440444012490e+00 -1.435122984777310873e-01
4.092376815201155815e-01 -1.669952748675496590e+00 -1.447211881615989570e-01
4.290268133391219596e-01 -1.672849338309538414e+00 -1.459660938077984582e-01
4.488122711372926066e-01 -1.675770917575162278e+00 -1.472470154163297851e-01
4.685939171883111709e-01 -1.678718194263337349e+00 -1.485639529871928266e-01
4.883716109882405565e-01 -1.681691875708429595e+00 -1.499169065203876106e-01
5.081452091786553549e-01 -1.684692668769139923e+00 -1.513058760159141092e-01
5.279145654938597332e-01 -1.687721279813202857e+00 -1.527308614737722392e-01
5.476795308699455855e-01 -1.690778414730348844e+00 -1.541918628939622227e-01
5.674399530529501412e-01 -1.693864778855555420e+00 -1.556888802764839208e-01
5.871956765967639713e-01 -1.696981076961098456e+00 -1.572219136213373336e-01
6.069465428310970578e-01 -1.700128013242693692e+00 -1.587909629285224888e-01
6.266923897859991710e-01 -1.703306291297303376e+00 -1.603960281980392755e-01
6.464330521164669552e-01 -1.706516614100347828e+00 -1.620371094298878878e-01
6.661683610271145195e-01 -1.709759683982300604e+00 -1.637142066240682148e-01
6.858981441969393966e-01 -1.713036202604660163e+00 -1.654273197805803119e-01
7.056222257041621093e-01 -1.716346870935277158e+00 -1.671764488994240960e-01
7.253404259511488927e-01 -1.719692389223030693e+00 -1.689615939805995115e-01
7.450525615894257880e-01 -1.723073456971833783e+00 -1.707827550241067804e-01
7.647584454447644564e-01 -1.726490772913955141e+00 -1.726399320299457640e-01
7.844578864423681352e-01 -1.729945034982646401e+00 -1.745331249981164901e-01
8.041506895321399728e-01 -1.733436940284057481e+00 -1.764623339286189585e-01
8.238366556140389596e-01 -1.736967185068427399e+00 -1.784275588214530028e-01
8.435155814635355576e-01 -1.740536464700536134e+00 -1.804287996766189006e-01
8.631872596571437128e-01 -1.744145473629404197e+00 -1.824660564941165408e-01
8.828514785702257228e-01 -1.747794905369136842e+00 -1.845393292739459512e-01
9.025080224048181998e-01 -1.751485452483928951e+00 -1.866486180161070485e-01
9.221566707971730059e-01 -1.755217806502885614e+00 -1.887939227205997494e-01
9.417971988900257774e-01 -1.758992657910726454e+00 -1.909752433874243316e-01
9.614293772716362430e-01 -1.762810696115661768e+00 -1.931925800165806284e-01
9.810529719033920237e-01 -1.766672609414525974e+00 -1.954459326080686399e-01
1.000667744047599284e+00 -1.770579084957075944e+00 -1.977353011618883938e-01
1.020273450195471110e+00 -1.774530808709439578e+00 -2.000606856780397236e-01
1.039869841995326949e+00 -1.778528465416704174e+00 -2.024220861565229346e-01
1.059456666180984774e+00 -1.782572738564626391e+00 -2.048195025973378880e-01
1.079033664500379741e+00 -1.786664310340455142e+00 -2.072529350004845838e-01
1.098600573644393341e+00 -1.790803861592850987e+00 -2.097223833659629944e-01
1.118157125175905486e+00 -1.794992071790891153e+00 -2.122278476937729530e-01
1.137703045459079965e+00 -1.799229618982144174e+00 -2.147693279839148206e-01
1.157238055588867498e+00 -1.803517179749800858e+00 -2.173468242363884306e-01
1.176761871320761044e+00 -1.807855429168851336e+00 -2.199603364511937553e-01
1.196274203000786240e+00 -1.812245040761292225e+00 -2.226098646283307947e-01
1.215774755495737658e+00 -1.816686686450349475e+00 -2.252954087677994099e-01
1.235263228268570712e+00 -1.821181036548452425e+00 -2.280169688695999342e-01
1.254739315223746043e+00 -1.825728759688973968e+00 -2.307745449337321730e-01
1.274202704467487068e+00 -1.830330522736479892e+00 -2.335681369601961266e-01
1.293653078364434661e+00 -1.834986990766952264e+00 -2.363977449489918503e-01
1.313090113470601894e+00 -1.839698827017236304e+00 -2.392633689001190667e-01
1.332513480466693823e+00 -1.844466692833445221e+00 -2.421650088135782475e-01
1.351922844091792086e+00 -1.849291247618305656e+00 -2.451026646893691430e-01
1.371317863077440968e+00 -1.854173148777444879e+00 -2.480763365274917531e-01
1.390698190082119368e+00 -1.859113051664593286e+00 -2.510860243279460779e-01
1.410063471626119114e+00 -1.864111609525698210e+00 -2.541317280907319787e-01
1.429413348026843833e+00 -1.869169473441935292e+00 -2.572134478158497606e-01
1.448747453334517488e+00 -1.874287292271601402e+00 -2.603311835032993127e-01
1.468065415268338780e+00 -1.879465712590881354e+00 -2.634849351530805794e-01
1.487366855153072320e+00 -1.884705378633473760e+00 -2.666747027651935609e-01
1.506651387856090984e+00 -1.890006932229063130e+00 -2.699004863396380904e-01
1.525918621724887458e+00 -1.895371012740630245e+00 -2.731622858764145567e-01
1.545168158525044966e+00 -1.900798257000579028e+00 -2.764601013755227377e-01
1.564399593389146359e+00 -1.906289299250224278e+00 -2.797939328369626333e-01
1.583612514940992311e+00 -1.911844771154133094e+00 -2.831637802607342991e-01
1.602806504975772040e+00 -1.917465301619845297e+00 -2.865696436468374575e-01
1.621981138414042789e+00 -1.923151516735266187e+00 -2.900115229952725526e-01
1.641135983305689550e+00 -1.928904039726342834e+00 -2.934894183060394179e-01
1.660270600772316030e+00 -1.934723490886467001e+00 -2.970033295791379979e-01
1.679384544950258462e+00 -1.940610487504653037e+00 -3.005532568145682926e-01
1.698477362934247559e+00 -1.946565643792478317e+00 -3.041392000123300798e-01
1.717548594721733934e+00 -1.952589570809781350e+00 -3.077611591724238593e-01
1.736597773157876778e+00 -1.958682876389098659e+00 -3.114191342948493535e-01
1.755624423881233298e+00 -1.964846165058838690e+00 -3.151131253796065623e-01
1.774628065270146049e+00 -1.971080037965175835e+00 -3.188431324266955413e-01
1.793608208389847247e+00 -1.977385092792657950e+00 -3.226091554361159575e-01
1.812564356940306265e+00 -1.983761923683515782e+00 -3.264111944078683658e-01
1.831496007204808540e+00 -1.990211121155661012e+00 -3.302492493419524888e-01
1.850402647999316530e+00 -1.996733272019370009e+00 -3.341233202383683820e-01
1.869283760622600932e+00 -2.003328959292634437e+00 -3.380334070971159899e-01
1.888138818807168828e+00 -2.009998762115175808e+00 -3.419795099181950349e-01
1.906967288710829322e+00 -2.016743255692750036e+00 -3.459616287016060165e-01
1.925768629001088028e+00 -2.023563011313207483e+00 -3.499797634473488239e-01
1.944542290522003336e+00 -2.030458596028725360e+00 -3.540339141554233460e-01
1.963287716354425783e+00 -2.037430572648564642e+00 -3.581240808258295827e-01
1.982004341793015101e+00 -2.044479499663614419e+00 -3.622502634585672565e-01
2.000691594303541265e+00 -2.051605931153154039e+00 -3.664124620536369781e-01
2.019348893481162754e+00 -2.058810416690270095e+00 -3.706106766110384143e-01
2.037975651009727773e+00 -2.066093501245918507e+00 -3.748449071307716207e-01
2.056571270622100656e+00 -2.073455725091628565e+00 -3.791151536128364863e-01
2.075135148061537205e+00 -2.080897623700836530e+00 -3.834214160572327890e-01
2.093666671044139616e+00 -2.088419727648849200e+00 -3.877636944639611949e-01
2.112165219222391865e+00 -2.096022562511416165e+00 -3.921419888330212600e-01
2.130630164149820427e+00 -2.103706648761922704e+00 -3.965562991644130952e-01
2.149060869246783412e+00 -2.111472501667183810e+00 -4.010066254581366452e-01
2.167456689767419231e+00 -2.119320631181831338e+00 -4.054929677141915767e-01
2.185816972767779642e+00 -2.127251541841301385e+00 -4.100153259325786115e-01
2.204141057075147625e+00 -2.135265732653395254e+00 -4.145737001132973054e-01
2.222428273258596043e+00 -2.143363696988425549e+00 -4.191680902563477695e-01
2.240677943674859396e+00 -2.151545922579511494e+00 -4.237984963617299483e-01
2.258889382451051642e+00 -2.159812891424397030e+00 -4.284649184294435642e-01
2.277061895282517234e+00 -2.168165079405423246e+00 -4.331673564594892278e-01
2.295194779509084348e+00 -2.176602956325430327e+00 -4.379058104518666616e-01
2.313287324094872144e+00 -2.185126985794906496e+00 -4.426802804065757546e-01
2.331338809607678808e+00 -2.193737625114998924e+00 -4.474907663236166178e-01
2.349348508199815555e+00 -2.202435325159158186e+00 -4.523372682029888625e-01
2.367315683590426545e+00 -2.211220530253412253e+00 -4.572197860446931550e-01
2.385239591049295615e+00 -2.220093678055263364e+00 -4.621383198487292177e-01
2.403119477382197555e+00 -2.229055199431215772e+00 -4.670928696150969950e-01
2.420954580917796584e+00 -2.238105518332925037e+00 -4.720834353437964870e-01
2.438744131496131562e+00 -2.247245051671968863e+00 -4.771100170348273606e-01
2.456487350458718133e+00 -2.256474209193240377e+00 -4.821726146881903374e-01
2.474183450640279336e+00 -2.265793393346958506e+00 -4.872712283038850289e-01
2.491831636362154434e+00 -2.275202999159300798e+00 -4.924058578819114351e-01
2.509431103427400611e+00 -2.284703414101649788e+00 -4.975765034222696115e-01
2.526981039117618177e+00 -2.294295017958458693e+00 -5.027831649249591139e-01
2.544480622192691222e+00 -2.303978182698014798e+00 -5.080258423899807196e-01
2.561929022962254443e+00 -2.313753272601207556e+00 -5.133045358173340400e-01
2.579325403209757894e+00 -2.323620643835577759e+00 -5.186192452070190750e-01
2.596668916172086394e+00 -2.333580644227155609e+00 -5.239699705590359358e-01
2.613958706581325675e+00 -2.343633613254428649e+00 -5.293567118733840671e-01
2.631193910673117919e+00 -2.353779881909948468e+00 -5.347794691500643571e-01
2.648373656196973513e+00 -2.364019772560677080e+00 -5.402382423890763619e-01
2.665497062428596742e+00 -2.374353598807092958e+00 -5.457330315904200813e-01
2.682563240184240971e+00 -2.384781665341054069e+00 -5.512638367540955153e-01
2.699571291837127962e+00 -2.395304267802420117e+00 -5.568306578801022200e-01
2.716520311335976157e+00 -2.405921692634454434e+00 -5.624334949684411944e-01
2.733409384225648608e+00 -2.416634216937990409e+00 -5.680723480191117725e-01
2.750237587669980055e+00 -2.427442108324392223e+00 -5.737472170321141762e-01
2.767003990476800457e+00 -2.438345624767301434e+00 -5.794581020074482947e-01
2.783707653125190529e+00 -2.449345014453179648e+00 -5.852050029451136837e-01
2.800347627795016336e+00 -2.460440515630661462e+00 -5.909879198451112314e-01
2.816922958398754950e+00 -2.471632356458714597e+00 -5.968068527074404939e-01
2.833432680615669330e+00 -2.482920754853622292e+00 -6.026618015321014710e-01
2.849875821926198149e+00 -2.494305918384612131e+00 -6.085527663190942738e-01
2.866251401636032092e+00 -2.505788044461802588e+00 -6.144797470684183471e-01
2.882558430943471528e+00 -2.517367319580960050e+00 -6.204427437800745793e-01
2.898795912976603439e+00 -2.529043919320418610e+00 -6.264417564540625261e-01
2.914962842836303913e+00 -2.540818008261000571e+00 -6.324767850903821875e-01
2.931058207645079072e+00 -2.552689739828792881e+00 -6.385478296890335637e-01
2.947080986598493269e+00 -2.564659256136976317e+00 -6.446548902500162104e-01
2.963030151019227620e+00 -2.576726687826730533e+00 -6.507979667733311269e-01
2.978904664413781767e+00 -2.588892153907216276e+00 -6.569770592589776470e-01
2.994703482531889893e+00 -2.601155761594671212e+00 -6.631921677069559928e-01
3.010425553428661694e+00 -2.613517606150620676e+00 -6.694432921172660533e-01
3.026069817529499772e+00 -2.625977770719230442e+00 -6.757304324899073844e-01
3.041635207697832577e+00 -2.638536326163820611e+00 -6.820535888248808742e-01
3.057120649305687721e+00 -2.651193330902543721e+00 -6.884127611221861898e-01
3.072525060307164768e+00 -2.663948830743271490e+00 -6.948079493818231089e-01
3.087847351314833233e+00 -2.676802858717686195e+00 -7.012391536037918538e-01
3.103086425679096649e+00 -2.689755434914608223e+00 -7.077063737880917582e-01
3.118241179570569788e+00 -2.702806566312581982e+00 -7.142096099347239324e-01
3.133310502007299547e+00 -2.715956246781048300e+00 -7.207488620436877103e-01
3.148293274873168901e+00 -2.729204457115478544e+00 -7.273241301149833138e-01
3.163188373247437735e+00 -2.742551164175675460e+00 -7.339354141486107430e-01
3.177994665387006812e+00 -2.755996321043016284e+00 -7.405827141445693318e-01
3.192711012815699245e+00 -2.769539866875065481e+00 -7.472660301028600793e-01
3.207336270424399061e+00 -2.783181726737390171e+00 -7.539853620234826526e-01
3.221869286574425839e+00 -2.796921811434996741e+00 -7.607407099064369405e-01
3.236308903204170306e+00 -2.810760017343397532e+00 -7.675320737517229430e-01
3.250653955939025508e+00 -2.824696226239359120e+00 -7.743594535593401051e-01
3.264903274204672634e+00 -2.838730305131346832e+00 -7.812228493292896481e-01
3.279055681343732154e+00 -2.852862106089705474e+00 -7.881222610615707946e-01
3.293109994735854862e+00 -2.867091466076611361e+00 -7.950576887561837669e-01
3.307065025921264834e+00 -2.881418206775824054e+00 -8.020291324131283428e-01
3.320919580727808906e+00 -2.895842134422268899e+00 -8.090365920324041893e-01
3.334672459401557543e+00 -2.910363039631500115e+00 -8.160800676140123056e-01
3.348322456740977060e+00 -2.924980697229047966e+00 -8.231595591579521365e-01
3.361868362234746499e+00 -2.939694866079724633e+00 -8.302750666642236821e-01
3.375308960203191599e+00 -2.954505288916945638e+00 -8.374265901328270534e-01
3.388643029684318631e+00 -2.969411692545233628e+00 -8.446141295637615842e-01
3.401869344758219782e+00 -2.984413787416860586e+00 -8.518376849570283849e-01
3.414986674966286273e+00 -2.999511267077485943e+00 -8.590972563126267891e-01
3.427993785260766479e+00 -3.014703808293832221e+00 -8.663928436305570191e-01
3.440889436162829274e+00 -3.029991070886819848e+00 -8.737244469108189637e-01
3.453672383924395461e+00 -3.045372697565125186e+00 -8.810920661534120679e-01
3.466341380693784391e+00 -3.060848313759209738e+00 -8.884957013583374419e-01
3.478895174685192160e+00 -3.076417527455852952e+00 -8.959353525255946415e-01
3.491332510352068041e+00 -3.092079929033257901e+00 -9.034110196551834449e-01
3.503652128564398893e+00 -3.107835091096768476e+00 -9.109227027471040739e-01
3.515852766789960171e+00 -3.123682568315246044e+00 -9.184704018013558624e-01
3.527933159279562414e+00 -3.139621897258167760e+00 -9.260541168179399207e-01
3.539892037256325619e+00 -3.155652596233478491e+00 -9.336738477968556937e-01
3.551728129109033461e+00 -3.171774165126270972e+00 -9.413295947381031814e-01
3.563440160589598449e+00 -3.187986085238329270e+00 -9.490213576416824948e-01
3.575026855014671767e+00 -3.204287819128600390e+00 -9.567491365075928567e-01
3.586486933471450200e+00 -3.220678810454641106e+00 -9.645129313358355994e-01
3.597819114991114287e+00 -3.237158483845401058e+00 -9.723127421264093906e-01
3.609022116199618768e+00 -3.253726245211680190e+00 -9.801485688793155626e-01
3.620094652349112874e+00 -3.270381480917382788e+00 -9.880204115945534493e-01
3.631035437468525640e+00 -3.287123557685383002e+00 -9.959282702721224956e-01
3.641843184408155576e+00 -3.303951822596096655e+00 -1.003872144912023812e+00
3.652516605067278821e+00 -3.320865602939385042e+00 -1.011852035514256842e+00
3.663054410625961488e+00 -3.337864206068058337e+00 -1.019867942078821699e+00
3.673455311781096633e+00 -3.354946919253035009e+00 -1.027919864605718381e+00
3.683718018986699150e+00 -3.372113009540230077e+00 -1.036007803094946000e+00
3.693841242698491456e+00 -3.389361723609241484e+00 -1.044131757546505890e+00
3.703823693622798174e+00 -3.406692287633894978e+00 -1.052291727960397827e+00
3.713664082969794666e+00 -3.424103907144735004e+00 -1.060487714336621146e+00
3.723361122711124072e+00 -3.441595766893522423e+00 -1.068719716675176290e+00
3.732913525841922819e+00 -3.459167030719806135e+00 -1.076987734976062816e+00
3.742320006647282149e+00 -3.476816841419662740e+00 -1.085291769239282056e+00
3.751579280973158959e+00 -3.494544320616638444e+00 -1.093631819464831789e+00
3.760690066501800377e+00 -3.512348568635027757e+00 -1.102007885652713348e+00
3.769651083031670957e+00 -3.530228664375500092e+00 -1.110419967802927621e+00
3.778461052548538479e+00 -3.548183665287999666e+00 -1.118868065915472165e+00
3.787118698885191037e+00 -3.566212607532028400e+00 -1.127352179990349867e+00
3.795622749440714649e+00 -3.584314505226407821e+00 -1.135872310027558285e+00
3.803971934931045240e+00 -3.602488350578606724e+00 -1.144428456027098528e+00
3.812164989592250031e+00 -3.620733113817705018e+00 -1.153020617988971486e+00
3.820200651481939325e+00 -3.639047743088694276e+00 -1.161648795913175158e+00
3.828077662785017488e+00 -3.657431164349905561e+00 -1.170312989799711767e+00
3.835794770123753139e+00 -3.675882281273588958e+00 -1.179013199648578869e+00
3.843350724872226731e+00 -3.694399975149815329e+00 -1.187749425459777575e+00
3.850744283475128427e+00 -3.712983104793718958e+00 -1.196521667233309438e+00
3.857974207770938246e+00 -3.731630506456206753e+00 -1.205329924969171573e+00
3.865039265319508033e+00 -3.750340993738245476e+00 -1.214174198667366866e+00
3.871938229734031900e+00 -3.769113357508755424e+00 -1.223054488327892431e+00
3.878669881017446031e+00 -3.787946365826286854e+00 -1.231970793950749821e+00
3.885233005903248937e+00 -3.806838763864504926e+00 -1.240923115535940369e+00
3.891626398200756842e+00 -3.825789273841603499e+00 -1.249911453083461188e+00
3.897848859144817268e+00 -3.844796594953778346e+00 -1.258935806593315165e+00
3.903899197749971517e+00 -3.863859403312778884e+00 -1.267996176065499414e+00
3.909776230514540263e+00 -3.882976351979394725e+00 -1.277092561500014822e+00
3.915478781781752460e+00 -3.902146070909850994e+00 -1.286224962896863833e+00
3.921005685530269069e+00 -3.921367166707072638e+00 -1.295393380256043336e+00
3.926355784909918878e+00 -3.940638222692903092e+00 -1.304597813577555998e+00
3.931527932598896768e+00 -3.959957798870497481e+00 -1.313838262861398931e+00
3.936520991176315487e+00 -3.979324431889966984e+00 -1.323114728107573690e+00
3.941333833498740891e+00 -3.998736635018907304e+00 -1.332427209316081385e+00
3.945965343080693799e+00 -4.018192898117939116e+00 -1.341775706486919573e+00
3.950414414479122449e+00 -4.037691687621402181e+00 -1.351160219620090697e+00
3.954679953681805138e+00 -4.057231446523244855e+00 -1.360580748715592314e+00
3.958760878499697711e+00 -4.076810594368293295e+00 -1.370037293773425757e+00
3.962656118963188145e+00 -4.096427527248955869e+00 -1.379529854793592136e+00
3.966364617722250241e+00 -4.116080617807489794e+00 -1.389058431776089009e+00
3.969885330450489747e+00 -4.135768215243979640e+00 -1.398623024720918817e+00
3.973217226253043854e+00 -4.155488645330070341e+00 -1.408223633628079119e+00
3.976359288078342491e+00 -4.175240210428650123e+00 -1.417860258497571024e+00
3.979310513133688776e+00 -4.195021189519537508e+00 -1.427532899329396088e+00
3.982069913277098916e+00 -4.214829838227230674e+00 -1.437241556123550978e+00
3.984636514110918792e+00 -4.234664388662503498e+00 -1.446986228880039471e+00
3.987009356935664606e+00 -4.254523049692548575e+00 -1.456766917598858457e+00
3.989187499537823367e+00 -4.274404007044774190e+00 -1.466583622280009047e+00
3.991170015993966480e+00 -4.294305423271222111e+00 -1.476436342923492795e+00
3.992955997098736276e+00 -4.314225437811410657e+00 -1.486325079529306814e+00
3.994544550795868343e+00 -4.334162167061969662e+00 -1.496249832097453991e+00
3.995934802612193248e+00 -4.354113704453128619e+00 -1.506210600627931440e+00
3.997125896094575470e+00 -4.374078120532260527e+00 -1.516207385120740714e+00
3.998116993249733131e+00 -4.394053463054528486e+00 -1.526240185575883146e+00
3.998907274986890137e+00 -4.414037757080790492e+00 -1.536309001993355849e+00
3.999495941563203871e+00 -4.434029005082915198e+00 -1.546413834373161711e+00
3.999882213031920930e+00 -4.454025187056554813e+00 -1.556554682715297844e+00
4.000065329693193839e+00 -4.474024260641602524e+00 -1.566731547019765580e+00
4.000044552547519672e+00 -4.494024161250363747e+00 -1.576944427286566697e+00
