4.000000000000000000e+00 -4.500000000000000000e+00 3.140000000000000124e+00
3.980000096127848774e+00 -4.499944729706967905e+00 3.137658268509782022e+00
3.960000374442415705e+00 -4.499842624899025978e+00 3.135316506195279018e+00
3.940000940489779779e+00 -4.499693685496563234e+00 3.132974713056491556e+00
3.920001916131456987e+00 -4.499497911753147505e+00 3.130632889093418747e+00
3.900003369570543832e+00 -4.499255304624470320e+00 3.128291034306061480e+00
3.880005430890470119e+00 -4.498965864912834789e+00 3.125949148694419311e+00
3.860008223496282476e+00 -4.498629593218584688e+00 3.123607232258491795e+00
3.840011870793026194e+00 -4.498246490142061127e+00 3.121265284998279821e+00
3.820016492440130751e+00 -4.497816556598085214e+00 3.118923306913782945e+00
3.800022180357705892e+00 -4.497339795830439080e+00 3.116581298005000722e+00
3.780029039692236470e+00 -4.496816209972432254e+00 3.114239258271934041e+00
3.760037180127609346e+00 -4.496245800776420332e+00 3.111897187714582458e+00
3.740046711347711828e+00 -4.495628569994757129e+00 3.109555086332945972e+00
3.720057743030624753e+00 -4.494964519935247260e+00 3.107212954127024140e+00
3.700070384829134085e+00 -4.494253655326065022e+00 3.104870791096817850e+00
3.680084746411369068e+00 -4.493495979427214237e+00 3.102528597242326658e+00
3.660100937448113712e+00 -4.492691495244656608e+00 3.100186372563550563e+00
3.640119067610153802e+00 -4.491840205784352058e+00 3.097844117060489122e+00
3.620139246478888406e+00 -4.490942118136806549e+00 3.095501830733143223e+00
3.600161583849996738e+00 -4.489997229600795059e+00 3.093159513581512421e+00
3.580186189216305159e+00 -4.489005551314325437e+00 3.090817165605596717e+00
3.560213172236218693e+00 -4.487967086849018017e+00 3.088474786805396111e+00
3.540242642562521080e+00 -4.486881840033448476e+00 3.086132377180910602e+00
3.520274709799092516e+00 -4.485749815951860064e+00 3.083789936732140191e+00
3.500309483483452500e+00 -4.484571021347006692e+00 3.081447465459084878e+00
3.480347073208581943e+00 -4.483345461809052246e+00 3.079104963361744662e+00
3.460387588559945105e+00 -4.482073143228781475e+00 3.076762430440119545e+00
3.440431139113672820e+00 -4.480754071839558428e+00 3.074419866694209524e+00
3.420477834436562947e+00 -4.479388254217330001e+00 3.072077272124014602e+00
3.400527784086078587e+00 -4.477975697280625056e+00 3.069734646729534777e+00
3.380581097610349417e+00 -4.476516408290551752e+00 3.067391990510770050e+00
3.360637884548170806e+00 -4.475010394850801987e+00 3.065049303467720421e+00
3.340698254428695613e+00 -4.473457664904734621e+00 3.062706585600385889e+00
3.320762316681444393e+00 -4.471858225889870475e+00 3.060363836908766455e+00
3.300830180712545747e+00 -4.470212085454213558e+00 3.058021057392862563e+00
3.280901955971694761e+00 -4.468519252085402016e+00 3.055678247052673324e+00
3.260977751894681642e+00 -4.466779734570696547e+00 3.053335405888199183e+00
3.241057677903390388e+00 -4.464993541996983950e+00 3.050992533899440140e+00
3.221141843405799676e+00 -4.463160683750777125e+00 3.048649631086396639e+00
3.201230357795982417e+00 -4.461281169518211520e+00 3.046306697449067791e+00
3.181323330454105758e+00 -4.459355009285050464e+00 3.043963732987454041e+00
3.161420870746432410e+00 -4.457382213336680721e+00 3.041620737701555832e+00
3.141523088017666332e+00 -4.455362792191342791e+00 3.039277711591372277e+00
3.121630091476684576e+00 -4.453296755602858426e+00 3.036934654656904264e+00
3.101741990360926238e+00 -4.451184113995305225e+00 3.034591566898150905e+00
3.081858893923927756e+00 -4.449024878354222778e+00 3.032248448315113087e+00
3.061980911400381977e+00 -4.446819059921685025e+00 3.029905298907789923e+00
3.042108152006138599e+00 -4.444566670196300251e+00 3.027562118676182301e+00
3.022240724938205059e+00 -4.442267720933211983e+00 3.025218907620289333e+00
3.002378739374744754e+00 -4.439922224144097207e+00 3.022875665740111906e+00
2.982522304475077934e+00 -4.437530192097168147e+00 3.020532393035649132e+00
2.962671529379682589e+00 -4.435091637317170488e+00 3.018189089506901901e+00
2.942826523180389398e+00 -4.432606572583358329e+00 3.015845755153869323e+00
2.922987394808601369e+00 -4.430075010921890488e+00 3.013502389976552287e+00
2.903154253266832185e+00 -4.427496965621576130e+00 3.011158993974949905e+00
2.883327207550874682e+00 -4.424872450228585663e+00 3.008815567149063064e+00
2.863506366631807687e+00 -4.422201478545224163e+00 3.006472109498891321e+00
2.843691839455997350e+00 -4.419484064629931375e+00 3.004128621024434231e+00
2.823883734945097590e+00 -4.416720222797284379e+00 3.001785101725692684e+00
2.804082161996046985e+00 -4.413909967617993146e+00 2.999441551602666234e+00
2.784287229481072323e+00 -4.411053313918904095e+00 2.997097970655354882e+00
2.764499046247687275e+00 -4.408150276782998311e+00 2.994754358883758627e+00
2.744717721345324879e+00 -4.405200871570027488e+00 2.992410716287877470e+00
2.724943362696278459e+00 -4.402205113795506719e+00 2.990067042867711411e+00
2.705176079475573481e+00 -4.399163019347391845e+00 2.987723338623260005e+00
2.685415980344410425e+00 -4.396074604325242774e+00 2.985379603554524142e+00
2.665663173937600661e+00 -4.392939885084601315e+00 2.983035837661503376e+00
2.645917768862962483e+00 -4.389758878236938777e+00 2.980692040944197707e+00
2.626179873700722478e+00 -4.386531600649599127e+00 2.978348213402607136e+00
2.606449597002912011e+00 -4.383258069445742144e+00 2.976004355036731663e+00
2.586727047292769477e+00 -4.379938302004294570e+00 2.973660465846571288e+00
2.567012333063840579e+00 -4.376572315959853299e+00 2.971316545832126010e+00
2.547305562510217669e+00 -4.373160129167461996e+00 2.968972594993395830e+00
2.527606843783029689e+00 -4.369701759736153157e+00 2.966628613330380748e+00
2.507916285213148022e+00 -4.366197226058059933e+00 2.964284600843080764e+00
2.488233995095535445e+00 -4.362646546780268864e+00 2.961940557531495877e+00
2.468560081688550234e+00 -4.359049740804755046e+00 2.959596483395626088e+00
2.448894653213248063e+00 -4.355406827288307525e+00 2.957252378435471396e+00
2.429237817852686554e+00 -4.351717825642471560e+00 2.954908242651031802e+00
2.409589683751228950e+00 -4.347982755533474908e+00 2.952564076042307306e+00
2.389950359013845116e+00 -4.344201636882162099e+00 2.950219878609297908e+00
2.370319951705415651e+00 -4.340374489863927820e+00 2.947875650352004051e+00
2.350698569850037778e+00 -4.336501334908649419e+00 2.945531391270424848e+00
2.331086321430324571e+00 -4.332582192700619395e+00 2.943187101364560743e+00
2.311483314386709509e+00 -4.328617084178479679e+00 2.940842780634411735e+00
2.291889656616751481e+00 -4.324606030535150580e+00 2.938498429079978269e+00
2.272305455974435784e+00 -4.320549053217768609e+00 2.936154046701259457e+00
2.252730820269478240e+00 -4.316446173927616314e+00 2.933809633498255742e+00
2.233165857266627974e+00 -4.312297414620053004e+00 2.931465189470967569e+00
2.213610674684971968e+00 -4.308102797504453463e+00 2.929120714619394050e+00
2.194065380197236070e+00 -4.303862345044134230e+00 2.926776208943535629e+00
2.174530081429090433e+00 -4.299576079956291430e+00 2.924431672443392749e+00
2.155004885958450966e+00 -4.295244025211930605e+00 2.922087105118964523e+00
2.135489901314784333e+00 -4.290866204035799214e+00 2.919742506970251839e+00
2.115985234978408513e+00 -4.286442639906323571e+00 2.917397877997253808e+00
2.096490994379798689e+00 -4.281973356555534238e+00 2.915053218199970875e+00
2.077007286898890026e+00 -4.277458377969007408e+00 2.912708527578403483e+00
2.057534219864379121e+00 -4.272897728385790295e+00 2.910363806132550746e+00
2.038071900553029003e+00 -4.268291432298338961e+00 2.908019053862413550e+00
2.018620435998235152e+00 -4.263639514389390150e+00 2.905674270767991896e+00
1.999179932990343023e+00 -4.258941999532230405e+00 2.903329456849284451e+00
1.979750498564371686e+00 -4.254198912952103839e+00 2.900984612106292548e+00
1.960332239702556656e+00 -4.249410280128029349e+00 2.898639736539015299e+00
1.940925263327227812e+00 -4.244576126790616577e+00 2.896294830147453592e+00
1.921529676300010925e+00 -4.239696478921958445e+00 2.893949892931606982e+00
1.902145585421027407e+00 -4.234771362755533453e+00 2.891604924891475026e+00
1.882773097428095621e+00 -4.229800804776104428e+00 2.889259926027058611e+00
1.863412318995929962e+00 -4.224784831719617273e+00 2.886914896338357295e+00
1.844063356735341941e+00 -4.219723470573096158e+00 2.884569835825371076e+00
1.824726317192440161e+00 -4.214616748574547600e+00 2.882224744488099510e+00
1.805401306847831178e+00 -4.209464693212857433e+00 2.879879622326543487e+00
1.786088432115820357e+00 -4.204267332227685117e+00 2.877534469340702561e+00
1.766787799343610965e+00 -4.199024693609371361e+00 2.875189285530576733e+00
1.747499514810505028e+00 -4.193736805598827999e+00 2.872844070896166002e+00
1.728223684727104414e+00 -4.188403696687442945e+00 2.870498825437469925e+00
1.708960415234509700e+00 -4.183025395616973618e+00 2.868153549154489390e+00
1.689709812403523248e+00 -4.177601931379452793e+00 2.865808242047223953e+00
1.670471982233846298e+00 -4.172133333217080242e+00 2.863462904115673613e+00
1.651247030653281156e+00 -4.166619630622125925e+00 2.861117535359838371e+00
1.632035063516932061e+00 -4.161060853336826959e+00 2.858772135779718226e+00
1.612836186606404043e+00 -4.155457031353286368e+00 2.856426705375313180e+00
1.593650505629004677e+00 -4.149808194913372716e+00 2.854081244146623231e+00
1.574478126216943830e+00 -4.144114374508618859e+00 2.851735752093648379e+00
1.555319153926533415e+00 -4.138375600880119798e+00 2.849390229216388626e+00
1.536173694237389364e+00 -4.132591905018432321e+00 2.847044675514843970e+00
1.517041852551630265e+00 -4.126763318163471972e+00 2.844699090989014412e+00
1.497923734350492531e+00 -4.120889871787015046e+00 2.842353475638899951e+00
1.478819445476788452e+00 -4.114971597561284611e+00 2.840007829464500588e+00
1.459729091270901336e+00 -4.109008527454265369e+00 2.837662152465816767e+00
1.440652776959492787e+00 -4.103000693686547962e+00 2.835316444642847600e+00
1.421590607697750031e+00 -4.096948128726470628e+00 2.832970705995593530e+00
1.402542688568874762e+00 -4.090850865289982430e+00 2.830624936524054558e+00
1.383509124583568228e+00 -4.084708936340514462e+00 2.828279136228230684e+00
1.364490020679518523e+00 -4.078522375088846630e+00 2.825933305108122351e+00
1.345485481720888776e+00 -4.072291214992970865e+00 2.823587443163728672e+00
1.326495612497802679e+00 -4.066015489757963230e+00 2.821241550395050091e+00
1.307520517725833109e+00 -4.059695233335846254e+00 2.818895626802087051e+00
1.288560302045488104e+00 -4.053330479925460139e+00 2.816549672384838665e+00
1.269615070021697489e+00 -4.046921263972328653e+00 2.814203687143305377e+00
1.250684926143300624e+00 -4.040467620168523233e+00 2.811857671077487630e+00
1.231769974822533253e+00 -4.033969583452533314e+00 2.809511624187384538e+00
1.212870320394515034e+00 -4.027427189009134878e+00 2.807165546472996542e+00
1.193986067116735494e+00 -4.020840472269252786e+00 2.804819437934324089e+00
1.175117319168541341e+00 -4.014209468909830214e+00 2.802473298571366289e+00
1.156264180650624196e+00 -4.007534214853696319e+00 2.800127128384124031e+00
1.137426755584506566e+00 -4.000814746269433897e+00 2.797780927372596427e+00
1.118605147912030251e+00 -3.994051099571244823e+00 2.795434695536784364e+00
1.099799461493159880e+00 -3.987243311418460223e+00 2.793088432876686955e+00
1.081009799935650051e+00 -3.980391418679427584e+00 2.790742139392305088e+00
1.062236266788953332e+00 -3.973495458472570796e+00 2.788395815083637874e+00
1.043478965619060617e+00 -3.966555468182224597e+00 2.786049459950686202e+00
1.024737999905979136e+00 -3.959571485436886196e+00 2.783703073993449184e+00
1.006013473043109396e+00 -3.952543548109059834e+00 2.781356657211927708e+00
9.873054883366237933e-01 -3.945471694315101807e+00 2.779010209606121329e+00
9.686141490048463254e-01 -3.938355962415062805e+00 2.776663731176029604e+00
9.499395581776294284e-01 -3.931196391012532487e+00 2.774317221921653420e+00
9.312818188957339149e-01 -3.923993018954485823e+00 2.771970681842992335e+00
9.126410341102059176e-01 -3.916745885331123223e+00 2.769624110940046346e+00
8.940173066817559411e-01 -3.909455029475717769e+00 2.767277509212815012e+00
8.754107393801375814e-01 -3.902120490964457566e+00 2.764930876661299219e+00
8.568214348835251348e-01 -3.894742309616290754e+00 2.762584213285498524e+00
8.382494957778940936e-01 -3.887320525492769629e+00 2.760237519085412927e+00
8.196950245563953130e-01 -3.879855178897892998e+00 2.757890794061042428e+00
8.011581236187385047e-01 -3.872346310377952960e+00 2.755544038212386582e+00
7.826388952705678470e-01 -3.864793960721377708e+00 2.753197251539446277e+00
7.641374417228392613e-01 -3.857198170958574313e+00 2.750850434042221071e+00
7.456538650912026833e-01 -3.849558982361774628e+00 2.748503585720710962e+00
7.271882673953755649e-01 -3.841876436444878973e+00 2.746156706574915951e+00
7.087407505585260337e-01 -3.834150574963299363e+00 2.743809796604836038e+00
6.903114164287760257e-01 -3.826381439900291337e+00 2.741462855810471666e+00
6.719003668450138633e-01 -3.818569073426222538e+00 2.739115884191821504e+00
6.535077034730534251e-01 -3.810713517998102873e+00 2.736768881748887328e+00
6.351335278696494946e-01 -3.802814816319948665e+00 2.734421848481667805e+00
6.167779414937343274e-01 -3.794873011335389901e+00 2.732074784390163380e+00
5.984410457058462196e-01 -3.786888146227479268e+00 2.729727689474374053e+00
5.801229417675588529e-01 -3.778860264418506087e+00 2.727380563734299823e+00
5.618237308409171904e-01 -3.770789409569808015e+00 2.725033407169940691e+00
5.435435139878630473e-01 -3.762675625581581418e+00 2.722686219781296657e+00
5.252823921696702092e-01 -3.754518956592695300e+00 2.720339001568367721e+00
5.070404662463743328e-01 -3.746319446980503010e+00 2.717991752531154326e+00
4.888178369762014586e-01 -3.738077141360653055e+00 2.715644472669655585e+00
4.706146050150036286e-01 -3.729792084586901257e+00 2.713297161983871941e+00
4.524308709156847907e-01 -3.721464321750923343e+00 2.710949820473803396e+00
4.342667351276364163e-01 -3.713093898182127539e+00 2.708602448139450392e+00
4.161222979961665125e-01 -3.704680859447464503e+00 2.706255044980812041e+00
3.979976597619285794e-01 -3.696225251351240804e+00 2.703907610997888789e+00
3.798929205603573944e-01 -3.687727119934930631e+00 2.701560146190681078e+00
3.618081804210945274e-01 -3.679186511476987054e+00 2.699212650559188020e+00
3.437435392674243473e-01 -3.670603472492655062e+00 2.696865124103410061e+00
3.256990969157025351e-01 -3.661978049733783269e+00 2.694517566823347643e+00
3.076749530747885375e-01 -3.653310290188599652e+00 2.692169978718999879e+00
2.896712073485592787e-01 -3.644600241041328292e+00 2.689822359790367212e+00
2.716879592325839865e-01 -3.635847949707964766e+00 2.687474710037450087e+00
2.537253081108598041e-01 -3.627053463871231287e+00 2.685127029460247616e+00
2.357833532576883440e-01 -3.618216831448529902e+00 2.682779318058760687e+00
2.178621938371040345e-01 -3.609338100591720444e+00 2.680431575832988855e+00
1.999619289023119029e-01 -3.600417319686910922e+00 2.678083802782931677e+00
1.820826573951187521e-01 -3.591454537354234589e+00 2.675735998908590041e+00
1.642244781453644498e-01 -3.582449802447635889e+00 2.673388164209963058e+00
1.463874898703596550e-01 -3.573403164054654191e+00 2.671040298687051617e+00
1.285717911743139430e-01 -3.564314671496205289e+00 2.668692402339854830e+00
1.107774805477735464e-01 -3.555184374326366470e+00 2.666344475168373584e+00
9.300465636705231021e-02 -3.546012322332159350e+00 2.663996517172607437e+00
7.525341689366348008e-02 -3.536798565533330496e+00 2.661648528352555942e+00
5.752386027375706867e-02 -3.527543154182139595e+00 2.659300508708219990e+00
3.981608453754806320e-02 -3.518246138763137854e+00 2.656952458239599135e+00
2.213018759875404196e-02 -3.508907569992955278e+00 2.654604376946693378e+00
4.466267254026518030e-03 -3.499527498820081295e+00 2.652256264829502719e+00
-1.317557881761766136e-02 -3.490105976424648038e+00 2.649908121888026713e+00
-3.079525305535887880e-02 -3.480643054218216292e+00 2.647559948122266249e+00
-4.839265801714638660e-02 -3.471138783843554787e+00 2.645211743532220883e+00
-6.596769638026078741e-02 -3.461593217174426584e+00 2.642863508117890614e+00
-8.352027093845881822e-02 -3.452006406306496800e+00 2.640515241879275443e+00
-1.010502845862867316e-01 -3.442378403514976259e+00 2.638166944816375370e+00
-1.185576403538872170e-01 -3.432709261343177776e+00 2.635818616929190394e+00
-1.360422413961073773e-01 -3.422999032572577871e+00 2.633470258217720517e+00
-1.535039909895749011e-01 -3.413247770213566401e+00 2.631121868681965736e+00
-1.709427925332555609e-01 -3.403455527505200529e+00 2.628773448321926054e+00
-1.883585495490110451e-01 -3.393622357914957810e+00 2.626424997137601469e+00
-2.057511656821500723e-01 -3.383748315138492835e+00 2.624076515128991982e+00
-2.231205447019892762e-01 -3.373833453099390312e+00 2.621728002296097593e+00
-2.404665905024044870e-01 -3.363877825948921263e+00 2.619379458638918301e+00
-2.577892071023882847e-01 -3.353881488065795669e+00 2.617030884157454107e+00
-2.750882986466077762e-01 -3.343844494055918215e+00 2.614682278851705011e+00
-2.923637694059558756e-01 -3.333766898752143604e+00 2.612333642721671012e+00
-3.096155237781119673e-01 -3.323648757214028748e+00 2.609984975767352555e+00
-3.268434662880932429e-01 -3.313490124727590747e+00 2.607636277988748752e+00
-3.440475015888125876e-01 -3.303291056805058190e+00 2.605287549385860046e+00
-3.612275344616358019e-01 -3.293051609184628248e+00 2.602938789958686439e+00
-3.783834698169331601e-01 -3.282771837830219752e+00 2.600589999707227928e+00
-3.955152126946401836e-01 -3.272451798931227618e+00 2.598241178631484960e+00
-4.126226682648088673e-01 -3.262091548902279925e+00 2.595892326731456645e+00
-4.297057418281653995e-01 -3.251691144382989673e+00 2.593543444007143428e+00
-4.467643388166677165e-01 -3.241250642237710089e+00 2.591194530458545309e+00
-4.637983647177150726e-01 -3.230770099383781790e+00 2.588845586085662731e+00
-4.808077253445399157e-01 -3.220249573397485410e+00 2.586496610888494807e+00
-4.977923264392957181e-01 -3.209689121620860952e+00 2.584147604867042425e+00
-5.147520739587410077e-01 -3.199088801802021820e+00 2.581798568021304696e+00
-5.316868739931029930e-01 -3.188448671911378263e+00 2.579449500351282509e+00
-5.485966327666269571e-01 -3.177768790141388688e+00 2.577100401856974976e+00
-5.654812566381351990e-01 -3.167049214906307419e+00 2.574751272538382540e+00
-5.823406521015741522e-01 -3.156290004841931562e+00 2.572402112395505647e+00
-5.991747257865691623e-01 -3.145491218805349654e+00 2.570052921428343407e+00
-6.159833844589771568e-01 -3.134652915874682755e+00 2.567703699636896708e+00
-6.327665350214333184e-01 -3.123775155348832655e+00 2.565354447021165107e+00
-6.495240845139065300e-01 -3.112857996747218525e+00 2.563005163581148160e+00
-6.662559401142440496e-01 -3.101901499809524232e+00 2.560655849316846755e+00
-6.829620091387235137e-01 -3.090905724495433216e+00 2.558306504228260003e+00
-6.996421990426020532e-01 -3.079870730984368254e+00 2.555957128315388793e+00
-7.162964174206607471e-01 -3.068796579675229452e+00 2.553607721578232681e+00
-7.329245720077566251e-01 -3.057683331186128228e+00 2.551258284016791222e+00
-7.495265706793651228e-01 -3.046531046354123973e+00 2.548908815631065305e+00
-7.661023214521281988e-01 -3.035339786234956261e+00 2.546559316421054486e+00
-7.826517324844015633e-01 -3.024109612102773958e+00 2.544209786386758321e+00
-7.991747120767956902e-01 -3.012840585449870989e+00 2.541860225528177697e+00
-8.156711686682369677e-01 -3.001532767977693528e+00 2.539510633845312171e+00
-8.321410108038361786e-01 -2.990186221533114086e+00 2.537161011338161742e+00
-8.485841471984967299e-01 -2.978801008230643088e+00 2.534811358006726412e+00
-8.650004867199593273e-01 -2.967377190418167388e+00 2.532461673851005735e+00
-8.813899383804901788e-01 -2.955914830659482462e+00 2.530111958871000599e+00
-8.977524113374117931e-01 -2.944413991733988656e+00 2.527762213066710562e+00
-9.140878148936266712e-01 -2.932874736636382540e+00 2.525412436438135622e+00
-9.303960584981421089e-01 -2.921297128576348268e+00 2.523062628985275779e+00
-9.466770517465983303e-01 -2.909681230978244493e+00 2.520712790708131035e+00
-9.629307043817867395e-01 -2.898027107480794839e+00 2.518362921606701388e+00
-9.791569262941784979e-01 -2.886334821936771267e+00 2.516013021680986839e+00
-9.953556275224415550e-01 -2.874604438412678320e+00 2.513663090930987387e+00
-1.011526718253964008e+00 -2.862836021188436941e+00 2.511313129356703033e+00
-1.027670108825377238e+00 -2.851029634757060727e+00 2.508963136958133777e+00
-1.043785709723069610e+00 -2.839185343824340180e+00 2.506613113735279619e+00
-1.059873431583712167e+00 -2.827303213308514529e+00 2.504263059688140558e+00
-1.075933185194771102e+00 -2.815383308339951984e+00 2.501912974816716595e+00
-1.091964881495028017e+00 -2.803425694260818446e+00 2.499562859121007730e+00
-1.107968431575096835e+00 -2.791430436624752431e+00 2.497212712601013962e+00
-1.123943746677936950e+00 -2.779397601196534673e+00 2.494862535256735736e+00
-1.139890738199371478e+00 -2.767327253951755495e+00 2.492512327088172164e+00
-1.155809317688598625e+00 -2.755219461076483078e+00 2.490162088095323689e+00
-1.171699396848705721e+00 -2.743074288966927732e+00 2.487811818278190312e+00
-1.187560887537184140e+00 -2.730891804229104380e+00 2.485461517636772033e+00
-1.203393701766437118e+00 -2.718672073678495060e+00 2.483111186171069296e+00
-1.219197751704294452e+00 -2.706415164339709190e+00 2.480760823881081212e+00
-1.234972949674519871e+00 -2.694121143446139843e+00 2.478410430766808226e+00
-1.250719208157321516e+00 -2.681790078439623581e+00 2.476060006828250337e+00
-1.266436439789862423e+00 -2.669422036970090062e+00 2.473709552065407991e+00
-1.282124557366764117e+00 -2.657017086895220093e+00 2.471359066478280297e+00
-1.297783473840618429e+00 -2.644575296280093912e+00 2.469008550066868146e+00
-1.313413102322489978e+00 -2.632096733396841692e+00 2.466658002831170649e+00
-1.329013356082422659e+00 -2.619581466724291818e+00 2.464307424771188249e+00
-1.344584148549744729e+00 -2.607029564947309197e+00 2.461956815886920946e+00
-1.360125393265493754e+00 -2.594441096883715492e+00 2.459606176178369186e+00
-1.375637003934957692e+00 -2.581816131562644223e+00 2.457255505645532079e+00
-1.391118894457845423e+00 -2.569154738269074478e+00 2.454904804288410514e+00
-1.406570978894669643e+00 -2.556456986491851158e+00 2.452554072107003602e+00
-1.421993171467224704e+00 -2.543722945923283962e+00 2.450203309101312232e+00
-1.437385386559060452e+00 -2.530952686458751710e+00 2.447852515271335516e+00
-1.452747538715961184e+00 -2.518146278196298216e+00 2.445501690617074342e+00
-1.468079542646417490e+00 -2.505303791436229943e+00 2.443150835138527821e+00
-1.483381313222099429e+00 -2.492425296680709668e+00 2.440799948835696842e+00
-1.498652765478331261e+00 -2.479510864633346579e+00 2.438449031708580961e+00
-1.513893814614559075e+00 -2.466560566198788162e+00 2.436098083757180177e+00
-1.529104375994823517e+00 -2.453574472482305424e+00 2.433747104981494047e+00
-1.544284365148226312e+00 -2.440552654789379439e+00 2.431396095381523459e+00
-1.559433697769398108e+00 -2.427495184625284352e+00 2.429045054957267968e+00
-1.574552289718967435e+00 -2.414402133694665942e+00 2.426693983708727131e+00
-1.589640057024022335e+00 -2.401273573901121949e+00 2.424342881635901836e+00
-1.604696915878578434e+00 -2.388109577346776646e+00 2.421991748738791639e+00
-1.619722782644038350e+00 -2.374910216331858059e+00 2.419640585017396539e+00
-1.634717573849655547e+00 -2.361675563354265872e+00 2.417289390471716537e+00
-1.649681206192996408e+00 -2.348405691109142435e+00 2.414938165101751189e+00
-1.664613596540397200e+00 -2.335100672488441553e+00 2.412586908907501382e+00
-1.679514661927425490e+00 -2.321760580580489730e+00 2.410235621888966673e+00
-1.694384319559335106e+00 -2.308385488669554952e+00 2.407884304046147061e+00
-1.709222486811523556e+00 -2.294975470235402160e+00 2.405532955379042548e+00
-1.724029081229988547e+00 -2.281530598952852262e+00 2.403181575887653132e+00
-1.738804020531779404e+00 -2.268050948691342938e+00 2.400830165571978814e+00
-1.753547222605453371e+00 -2.254536593514475662e+00 2.398478724432019593e+00
-1.768258605511524362e+00 -2.240987607679574278e+00 2.396127252467775470e+00
-1.782938087482914824e+00 -2.227404065637230257e+00 2.393775749679246445e+00
-1.797585586925406931e+00 -2.213786042030850609e+00 2.391424216066432518e+00
-1.812201022418088225e+00 -2.200133611696205360e+00 2.389072651629333688e+00
-1.826784312713801928e+00 -2.186446849660967029e+00 2.386721056367949956e+00
-1.841335376739590801e+00 -2.172725831144254993e+00 2.384369430282281321e+00
-1.855854133611072321e+00 -2.158970631605980017e+00 2.382017773372328229e+00
-1.870340502644855407e+00 -2.145181326789198817e+00 2.379666085638089790e+00
-1.884794403301951471e+00 -2.131357992515692246e+00 2.377314367079566448e+00
-1.899215755217925183e+00 -2.117500704791757560e+00 2.374962617696758205e+00
-1.913604478205195081e+00 -2.103609539814373264e+00 2.372610837489665503e+00
-1.927960492253486757e+00 -2.089684573970779002e+00 2.370259026458287455e+00
-1.942283717530285170e+00 -2.075725883838055008e+00 2.367907184602624504e+00
-1.956574074381290274e+00 -2.061733546182693999e+00 2.365555311922677095e+00
-1.970831483330862222e+00 -2.047707637960180183e+00 2.363203408418444340e+00
-1.985055865082475446e+00 -2.033648236314558488e+00 2.360851474089926683e+00
-1.999247140519167854e+00 -2.019555418578009132e+00 2.358499508937124123e+00
-2.013405230703986692e+00 -2.005429262270415069e+00 2.356147512960037105e+00
-2.027530056880440856e+00 -1.991269845098929459e+00 2.353795486158664740e+00
-2.041621540472942087e+00 -1.977077244957546664e+00 2.351443428533007918e+00
-2.055679603087253504e+00 -1.962851539926665279e+00 2.349091340083065749e+00
-2.069704166510933696e+00 -1.948592808272651800e+00 2.346739220808838677e+00
-2.083695152713779475e+00 -1.934301128447405205e+00 2.344387070710327148e+00
-2.097652483848272631e+00 -1.919976579087913304e+00 2.342034889787530716e+00
-2.111576082250016917e+00 -1.905619239015818867e+00 2.339682678040448938e+00
-2.125465870438180804e+00 -1.891229187236973308e+00 2.337330435469082257e+00
-2.139321771115938908e+00 -1.876806502940994381e+00 2.334978162073431118e+00
-2.153143707170909416e+00 -1.862351265500822306e+00 2.332625857853495077e+00
-2.166931601675595509e+00 -1.847863554472269465e+00 2.330273522809273690e+00
-2.180685377887818355e+00 -1.833343449593578978e+00 2.327921156940767844e+00
-2.194404959251155862e+00 -1.818791030784970619e+00 2.325568760247976652e+00
-2.208090269395378336e+00 -1.804206378148191181e+00 2.323216332730901001e+00
-2.221741232136881905e+00 -1.789589571966063941e+00 2.320863874389540449e+00
-2.235357771479125955e+00 -1.774940692702030143e+00 2.318511385223894994e+00
-2.248939811613059003e+00 -1.760259820999700020e+00 2.316158865233964192e+00
-2.262487276917557022e+00 -1.745547037682391611e+00 2.313806314419748933e+00
-2.276000091959851535e+00 -1.730802423752674901e+00 2.311453732781248327e+00
-2.289478181495958165e+00 -1.716026060391911301e+00 2.309101120318463707e+00
-2.302921470471110954e+00 -1.701218028959790018e+00 2.306748477031393296e+00
-2.316329884020719376e+00 -1.686378411000243549e+00 2.304395802920038427e+00
-2.329703347475251540e+00 -1.671507288294032278e+00 2.302043097984398212e+00
-2.343041786352346278e+00 -1.656604742759222981e+00 2.299690362224473539e+00
-2.356345126359347120e+00 -1.641670856475865747e+00 2.297337595640263963e+00
-2.369613293395007148e+00 -1.626705711700718204e+00 2.294984798231769485e+00
-2.382846213549909109e+00 -1.611709390866807645e+00 2.292631969998990105e+00
-2.396043813106892184e+00 -1.596681976582976503e+00 2.290279110941925822e+00
-2.409206018541476091e+00 -1.581623551633435598e+00 2.287926221060576637e+00
-2.422332756522283415e+00 -1.566534198977315606e+00 2.285573300354942550e+00
-2.435423953911463713e+00 -1.551414001748211202e+00 2.283220348825023560e+00
-2.448479537765110514e+00 -1.536263043253734306e+00 2.280867366470819668e+00
-2.461499435333685426e+00 -1.521081406975057559e+00 2.278514353292330874e+00
-2.474483574062434244e+00 -1.505869176566460244e+00 2.276161309289557177e+00
-2.487431881591807947e+00 -1.490626435854873311e+00 2.273808234462498579e+00
-2.500344285757880591e+00 -1.475353268839418419e+00 2.271455128811155078e+00
-2.513220714592762306e+00 -1.460049759690956073e+00 2.269101992335526674e+00
-2.526061096325019406e+00 -1.444715992751622657e+00 2.266748825035613368e+00
-2.538865359380085618e+00 -1.429352052534370587e+00 2.264395626911415604e+00
-2.551633432380678190e+00 -1.413958023722508006e+00 2.262042397962932494e+00
-2.564365244147212675e+00 -1.398533991169231605e+00 2.259689138190164481e+00
-2.577060723698210154e+00 -1.383080039897169877e+00 2.257335847593111566e+00
-2.589719800250712911e+00 -1.367596255097913716e+00 2.254982526171773749e+00
-2.602342403220692990e+00 -1.352082722131550785e+00 2.252629173926151473e+00
-2.614928462223461203e+00 -1.336539526526199895e+00 2.250275790856243852e+00
-2.627477907074079244e+00 -1.320966753977538266e+00 2.247922376962051327e+00
-2.639990667787762479e+00 -1.305364490348338347e+00 2.245568932243574345e+00
-2.652466674580289840e+00 -1.289732821667992857e+00 2.243215456700812016e+00
-2.664905857868409722e+00 -1.274071834132044057e+00 2.240861950333764785e+00
-2.677308148270244104e+00 -1.258381614101711010e+00 2.238508413142433096e+00
-2.689673476605691782e+00 -1.242662248103415967e+00 2.236154845126816060e+00
-2.702001773896837378e+00 -1.226913822828305412e+00 2.233801246286914566e+00
-2.714292971368344798e+00 -1.211136425131780214e+00 2.231447616622727725e+00
-2.726547000447865354e+00 -1.195330142033012688e+00 2.229093956134255983e+00
-2.738763792766414351e+00 -1.179495060714493171e+00 2.226740264821499782e+00
-2.750943280147203129e+00 -1.163631268533183771e+00 2.224386542684458234e+00
-2.763085394617711632e+00 -1.147738853008294591e+00 2.222032789723132229e+00
-2.775190068418726508e+00 -1.131817901812114391e+00 2.219679005937520877e+00
-2.787257233995842132e+00 -1.115868502778472715e+00 2.217325191327625067e+00
-2.799286823999850959e+00 -1.099890743902261825e+00 2.214971345893443910e+00
-2.811278771287132550e+00 -1.083884713338957750e+00 2.212617469634978296e+00
-2.823233008920046139e+00 -1.067850499404135789e+00 2.210263562552227778e+00
-2.835149470167311669e+00 -1.051788190572994441e+00 2.207909624645191915e+00
-2.847028088504400145e+00 -1.035697875479869134e+00 2.205555655913871593e+00
-2.858868797613919099e+00 -1.019579642917748163e+00 2.203201656358266369e+00
-2.870671531385996289e+00 -1.003433581837789967e+00 2.200847625978376243e+00
-2.882436223918665164e+00 -9.872597813488317442e-01 2.198493564774200770e+00
-2.894162809518245449e+00 -9.710583307169089462e-01 2.196139472745740839e+00
-2.905851222699725511e+00 -9.548293193647634514e-01 2.193785349892996006e+00
-2.917501398187143380e+00 -9.385728368713542880e-01 2.191431196215965826e+00
-2.929113270913966005e+00 -9.222889729713692475e-01 2.189077011714651633e+00
-2.940686776023470728e+00 -9.059778175547286150e-01 2.186722796389051648e+00
-2.952221848869118759e+00 -8.896394606660995574e-01 2.184368550239167206e+00
-2.963718425014934876e+00 -8.732739925043980778e-01 2.182014273264997861e+00
-2.975176440235882680e+00 -8.568815034222954097e-01 2.179659965466543614e+00
-2.986595830518238071e+00 -8.404620839257239684e-01 2.177305626843804465e+00
-2.997976532059968058e+00 -8.240158246733751968e-01 2.174951257396780413e+00
-3.009318481271097134e+00 -8.075428164762097349e-01 2.172596857125471459e+00
-3.020621614774084307e+00 -7.910431502969528239e-01 2.170242426029877603e+00
-3.031885869404190359e+00 -7.745169172495970367e-01 2.167887964109998844e+00
-3.043111182209851329e+00 -7.579642085989007905e-01 2.165533471365835183e+00
-3.054297490453046215e+00 -7.413851157598830843e-01 2.163178947797386620e+00
-3.065444731609664242e+00 -7.247797302973264522e-01 2.160824393404653154e+00
-3.076552843369872559e+00 -7.081481439252688137e-01 2.158469808187634786e+00
-3.087621763638483507e+00 -6.914904485064989892e-01 2.156115192146331516e+00
-3.098651430535316997e+00 -6.748067360520516589e-01 2.153760545280743344e+00
-3.109641782395569543e+00 -6.580970987206957723e-01 2.151405867590870269e+00
-3.120592757770172199e+00 -6.413616288184325054e-01 2.149051159076712736e+00
-3.131504295420914907e+00 -6.246004188028936310e-01 2.146696419738269412e+00
-3.142376334315140518e+00 -6.078135612881402361e-01 2.144341649575542075e+00
-3.153208813649543529e+00 -5.910011490221896979e-01 2.141986848588529391e+00
-3.164001672838700596e+00 -5.741632748975853406e-01 2.139632016777231804e+00
-3.174754851514546949e+00 -5.573000319517106282e-01 2.137277154141649760e+00
-3.185468289526734775e+00 -5.404115133662741322e-01 2.134922260681782369e+00
-3.196141926942980493e+00 -5.234978124668006050e-01 2.132567336397630076e+00
-3.206775704049413811e+00 -5.065590227221209441e-01 2.130212381289193324e+00
-3.217369561350930773e+00 -4.895952377438551606e-01 2.127857395356471226e+00
-3.227923439571535269e+00 -4.726065512859058959e-01 2.125502378599464226e+00
-3.238437279654688528e+00 -4.555930572439400028e-01 2.123147331018172768e+00
-3.248911022763654621e+00 -4.385548496548737352e-01 2.120792252612595963e+00
-3.259344610281842414e+00 -4.214920226963582151e-01 2.118437143382734700e+00
-3.269737983813153281e+00 -4.044046706862572949e-01 2.116082003328588090e+00
-3.280091085182317734e+00 -3.872928880821363551e-01 2.113726832450156579e+00
-3.290403856435240915e+00 -3.701567694807383901e-01 2.111371630747440609e+00
-3.300676239839339665e+00 -3.529964096174654231e-01 2.109016398220439292e+00
-3.310908177883883141e+00 -3.358119033658576447e-01 2.106661134869153518e+00
-3.321099613280331653e+00 -3.186033457370674449e-01 2.104305840693582841e+00
-3.331250488962670619e+00 -3.013708318793427710e-01 2.101950515693726818e+00
-3.341360748087748522e+00 -2.841144570774985501e-01 2.099595159869586336e+00
-3.351430334035611303e+00 -2.668343167523926640e-01 2.097239773221160508e+00
-3.361459190409835429e+00 -2.495305064604011192e-01 2.094884355748450222e+00
-3.371447261037863186e+00 -2.322031218928860274e-01 2.092528907451455034e+00
-3.381394489971329520e+00 -2.148522588756749951e-01 2.090173428330174499e+00
-3.391300821486396888e+00 -1.974780133685270223e-01 2.087817918384609506e+00
-3.401166200084082103e+00 -1.800804814646038143e-01 2.085462377614759610e+00
-3.410990570490586293e+00 -1.626597593899400118e-01 2.083106806020624813e+00
-3.420773877657622641e+00 -1.452159435029061751e-01 2.080751203602204669e+00
-3.430516066762741012e+00 -1.277491302936831774e-01 2.078395570359500066e+00
-3.440217083209653914e+00 -1.102594163837235242e-01 2.076039906292510562e+00
-3.449876872628561131e+00 -9.274689852521736388e-02 2.073684211401235711e+00
-3.459495380876472126e+00 -7.521167360055794338e-02 2.071328485685676846e+00
-3.469072554055534496e+00 -5.765383860205486322e-02 2.068972729145832190e+00
-3.478608338420243751e+00 -4.007349073351329505e-02 2.066616941781703076e+00
-3.488102680527437549e+00 -2.247072724554766143e-02 2.064261123593289060e+00
-3.497555527141836151e+00 -4.845645538984921785e-03 2.061905274580590142e+00
-3.506966825256418119e+00 1.280165685767542527e-02 2.059549394743606321e+00
-3.516336522092737837e+00 3.047108228880113234e-02 2.057193484082337598e+00
-3.525664565101225723e+00 4.816253297215533635e-02 2.054837542596783972e+00
-3.534950901961503078e+00 6.587591099943840289e-02 2.052481570286945445e+00
-3.544195480582686741e+00 8.361111833682449701e-02 2.050125567152822015e+00
-3.553398249103695061e+00 1.013680568254990422e-01 2.047769533194413683e+00
-3.562559155893555651e+00 1.191466281822036732e-01 2.045413468411720448e+00
-3.571678149551706483e+00 1.369467339997686994e-01 2.043057372804742311e+00
-3.580755178908299197e+00 1.547682757476606108e-01 2.040701246373479272e+00
-3.589790193024502418e+00 1.726111547725227569e-01 2.038345089117931330e+00
-3.598783141192801072e+00 1.904752722987179125e-01 2.035988901038098930e+00
-3.607733972937299693e+00 2.083605294288777277e-01 2.033632682133981184e+00
-3.616642638014014643e+00 2.262668271444406298e-01 2.031276432405578536e+00
-3.625509086411176973e+00 2.441940663062033279e-01 2.028920151852890985e+00
-3.634333268349527746e+00 2.621421476548667084e-01 2.026563840475918532e+00
-3.643115134282610690e+00 2.801109718115830094e-01 2.024207498274661621e+00
-3.651854634897071961e+00 2.981004392785100432e-01 2.021851125249119363e+00
-3.660551721112947465e+00 3.161104504393538184e-01 2.019494721399292203e+00
-3.669206344083957738e+00 3.341409055599245947e-01 2.017138286725180141e+00
-3.677818455197800152e+00 3.521917047886876651e-01 2.014781821226783620e+00
-3.686388006076434465e+00 3.702627481573151913e-01 2.012425324904101753e+00
-3.694914948576378588e+00 3.883539355812448690e-01 2.010068797757135428e+00
-3.703399234788988359e+00 4.064651668602274892e-01 2.007712239785883757e+00
-3.711840817040749751e+00 4.245963416788874900e-01 2.005355650990347183e+00
-3.720239647893561319e+00 4.427473596072785123e-01 2.002999031370526151e+00
-3.728595680145019742e+00 4.609181201014393436e-01 2.000642380926420216e+00
-3.736908866828704490e+00 4.791085225039580786e-01 1.998285699658028935e+00
-3.745179161214456709e+00 4.973184660445234551e-01 1.995928987565352974e+00
-3.753406516808661220e+00 5.155478498404902910e-01 1.993572244648392111e+00
-3.761590887354521850e+00 5.337965728974309876e-01 1.991215470907146123e+00
-3.769732226819959564e+00 5.520645340936355394e-01 1.988858666341615677e+00
-3.777830489409760517e+00 5.703516321960763191e-01 1.986501830951800107e+00
-3.785885629576745348e+00 5.886577658751072084e-01 1.984144964737699635e+00
-3.793897602011529813e+00 6.069828336913853928e-01 1.981788067699314260e+00
-3.801866361642795678e+00 6.253267340964308030e-01 1.979431139836643982e+00
-3.809791863637557618e+00 6.436893654331843351e-01 1.977074181149689025e+00
-3.817674063401431006e+00 6.620706259365758406e-01 1.974717191638449165e+00
-3.825512916578897915e+00 6.804704137340770176e-01 1.972360171302924181e+00
-3.833308379053570913e+00 6.988886268462706219e-01 1.970003120143114295e+00
-3.841060406948456851e+00 7.173251631874126844e-01 1.967646038159019506e+00
-3.848768956626220650e+00 7.357799205659948383e-01 1.965288925350640259e+00
-3.856433984689444650e+00 7.542527966853164179e-01 1.962931781717975666e+00
-3.864055447980889291e+00 7.727436891440407907e-01 1.960574607261026170e+00
-3.871633303583750241e+00 7.912524954367687879e-01 1.958217401979791994e+00
-3.879167508821917298e+00 8.097791129546036970e-01 1.955860165874272916e+00
-3.886658021260229301e+00 8.283234389857191404e-01 1.953502898944468935e+00
-3.894104798704730364e+00 8.468853707159328392e-01 1.951145601190380052e+00
-3.901507799202920790e+00 8.654648052292681637e-01 1.948788272612006045e+00
-3.908866981044011979e+00 8.840616395085306722e-01 1.946430913209347358e+00
-3.916182302759175116e+00 9.026757704358772116e-01 1.944073522982403768e+00
-3.923453723121792081e+00 9.213070947933866828e-01 1.941716101931175276e+00
-3.930681201147705028e+00 9.399555092636381337e-01 1.939358650055661881e+00
-3.937864696095460637e+00 9.586209104302760853e-01 1.937001167355863585e+00
-3.945004167466557909e+00 9.773031947785897344e-01 1.934643653831780385e+00
-3.952099575005691534e+00 9.960022586960866064e-01 1.932286109483412284e+00
-3.959150878700997023e+00 1.014717998473066540e+00 1.929928534310759503e+00
-3.966158038784291850e+00 1.033450310303203779e+00 1.927570928313821597e+00
-3.973121015731314376e+00 1.052199090284114513e+00 1.925213291492598788e+00
-3.980039770261965426e+00 1.070964234417941308e+00 1.922855623847091078e+00
-3.986914263340546327e+00 1.089745638611929301e+00 1.920497925377298465e+00
-3.993744456175993829e+00 1.108543198679003972e+00 1.918140196083221172e+00
-4.000530310222117691e+00 1.127356810338355997e+00 1.915782435964858754e+00
-4.007271787177834277e+00 1.146186369216014356e+00 1.913424645022211656e+00
-4.013968848987397919e+00 1.165031770845431192e+00 1.911066823255279434e+00
-4.020621457840634960e+00 1.183892910668063791e+00 1.908708970664062310e+00
-4.027229576173171566e+00 1.202769684033955011e+00 1.906351087248560505e+00
-4.033793166666664654e+00 1.221661986202321026e+00 1.903993173008773798e+00
-4.040312192249028378e+00 1.240569712342128206e+00 1.901635227944701967e+00
-4.046786616094661504e+00 1.259492757532681972e+00 1.899277252056345455e+00
-4.053216401624668563e+00 1.278431016764211225e+00 1.896919245343704041e+00
-4.059601512507090781e+00 1.297384384938451873e+00 1.894561207806777725e+00
-4.065941912657120128e+00 1.316352756869239471e+00 1.892203139445566507e+00
-4.072237566237325801e+00 1.335336027283087201e+00 1.889845040260070164e+00
-4.078488437657872723e+00 1.354334090819780290e+00 1.887486910250289140e+00
-4.084694491576057906e+00 1.373346842031874626e+00 1.885128749416222993e+00
-4.090855692876357530e+00 1.392374175353114030e+00 1.882770557757872387e+00
-4.096972006700323021e+00 1.411415985146359242e+00 1.880412335275236657e+00
-4.103043398447206336e+00 1.430472165704842258e+00 1.878054081968316025e+00
-4.109069833764746882e+00 1.449542611237716550e+00 1.875695797837110490e+00
-4.115051278549375802e+00 1.468627215870637270e+00 1.873337482881620053e+00
-4.120987698946419364e+00 1.487725873646341679e+00 1.870979137101844714e+00
-4.126879061350303246e+00 1.506838478525238223e+00 1.868620760497784694e+00
-4.132725332404747931e+00 1.525964924385978749e+00 1.866262353069439550e+00
-4.138526479002975655e+00 1.545105105026050918e+00 1.863903914816809504e+00
-4.144282468287903143e+00 1.564258914162357517e+00 1.861545445739894555e+00
-4.149993267652337892e+00 1.583426245431800883e+00 1.859186945838694927e+00
-4.155658844739176239e+00 1.602606992391872431e+00 1.856828415113210173e+00
-4.161279167441595206e+00 1.621801048521228639e+00 1.854469853563440740e+00
-4.166854203903241682e+00 1.641008307220283902e+00 1.852111261189386182e+00
-4.172383922518428712e+00 1.660228661811792961e+00 1.849752637991046722e+00
-4.177868291932316680e+00 1.679462005541436653e+00 1.847393983968422804e+00
-4.183307281041107828e+00 1.698708231578413219e+00 1.845035299121513539e+00
-4.188700858992227438e+00 1.717967233016018058e+00 1.842676583450319594e+00
-4.194048995184509465e+00 1.737238902872235480e+00 1.840317836954840525e+00
-4.199351659268379500e+00 1.756523134090324678e+00 1.837959059635076775e+00
-4.204608821146034181e+00 1.775819819539407485e+00 1.835600251491028123e+00
-4.209820450971625050e+00 1.795128852015061227e+00 1.833241412522694569e+00
-4.214986519151430855e+00 1.814450124239900042e+00 1.830882542730076112e+00
-4.220106996344037853e+00 1.833783528864167955e+00 1.828523642113172532e+00
-4.225181853460513004e+00 1.853128958466327747e+00 1.826164710671984270e+00
-4.230211061664579830e+00 1.872486305553650032e+00 1.823805748406511329e+00
-4.235194592372787170e+00 1.891855462562807011e+00 1.821446755316753263e+00
-4.240132417254680597e+00 1.911236321860455778e+00 1.819087731402710073e+00
-4.245024508232970284e+00 1.930628775743834069e+00 1.816728676664382203e+00
-4.249870837483701536e+00 1.950032716441349567e+00 1.814369591101769430e+00
-4.254671377436413771e+00 1.969448036113170097e+00 1.812010474714871977e+00
-4.259426100774312829e+00 1.988874626851820926e+00 1.809651327503689400e+00
-4.264134980434425515e+00 2.008312380682767628e+00 1.807292149468222142e+00
-4.268797989607763910e+00 2.027761189565014721e+00 1.804932940608469760e+00
-4.273415101739484356e+00 2.047220945391694968e+00 1.802573700924432476e+00
-4.277986290529044666e+00 2.066691539990662907e+00 1.800214430416110512e+00
-4.282511529930360439e+00 2.086172865125091924e+00 1.797855129083503423e+00
-4.286990794151958717e+00 2.105664812494058680e+00 1.795495796926611654e+00
-4.291424057657130753e+00 2.125167273733143958e+00 1.793136433945434760e+00
-4.295811295164082999e+00 2.144680140415023750e+00 1.790777040139972964e+00
-4.300152481646087210e+00 2.164203304050062560e+00 1.788417615510226710e+00
-4.304447592331626993e+00 2.183736656086911587e+00 1.786058160056195110e+00
-4.308696602704545242e+00 2.203280087913097152e+00 1.783698673777878829e+00
-4.312899488504188028e+00 2.222833490855619765e+00 1.781339156675277424e+00
-4.317056225728683749e+00 2.242396756183762108e+00 1.778979608748391339e+00
-4.321166790660060819e+00 2.261969775127314897e+00 1.776620029997220573e+00
-4.325231159816492088e+00 2.281552438843367003e+00 1.774260420421764461e+00
-4.329249309965257808e+00 2.301144638425943523e+00 1.771900780022023669e+00
-4.333221218130081098e+00 2.320746264911692336e+00 1.769541108797997975e+00
-4.337146861591270053e+00 2.340357209280484518e+00 1.767181406749687378e+00
-4.341026217885861627e+00 2.359977362456014305e+00 1.764821673877091879e+00
-4.344859264807759303e+00 2.379606615306407935e+00 1.762461910180211477e+00
-4.348645980407871647e+00 2.399244858644816070e+00 1.760102115659046174e+00
-4.352386342994247315e+00 2.418891983230023524e+00 1.757742290313595968e+00
-4.356080331132211825e+00 2.438547879767051896e+00 1.755382434143860859e+00
-4.359727923644499903e+00 2.458212438907760422e+00 1.753022547149841071e+00
-4.363329099611391371e+00 2.477885551251453933e+00 1.750662629331536158e+00
-4.366883838370833715e+00 2.497567107345483262e+00 1.748302680688946342e+00
-4.370392119518578866e+00 2.517256997685849207e+00 1.745942701222071847e+00
-4.373853922908305769e+00 2.536955112717810490e+00 1.743582690930912227e+00
-4.377269228651748278e+00 2.556661342836485051e+00 1.741222649815467927e+00
-4.380638017118817729e+00 2.576375578387460674e+00 1.738862577875738502e+00
-4.383960268937729943e+00 2.596097709667392728e+00 1.736502475111724397e+00
-4.387235964995118920e+00 2.615827626924615235e+00 1.734142341523425168e+00
-4.390465086436164732e+00 2.635565220359745275e+00 1.731782177110841037e+00
-4.393647614664705436e+00 2.655310380126287395e+00 1.729421981873972447e+00
-4.396783531343356088e+00 2.675062996331246890e+00 1.727061755812818511e+00
-4.399872818393625096e+00 2.694822959035726218e+00 1.724701498927379895e+00
-4.402915457996024351e+00 2.714590158255538732e+00 1.722341211217656154e+00
-4.405911432590183807e+00 2.734364483961813974e+00 1.719980892683647733e+00
-4.408860724874960724e+00 2.754145826081603854e+00 1.717620543325354632e+00
-4.411763317808547136e+00 2.773934074498495495e+00 1.715260163142776184e+00
-4.414619194608579988e+00 2.793729119053210752e+00 1.712899752135913056e+00
-4.417428338752244166e+00 2.813530849544219059e+00 1.710539310304765026e+00
-4.420190733976377295e+00 2.833339155728346270e+00 1.708178837649332094e+00
-4.422906364277571889e+00 2.853153927321379069e+00 1.705818334169614259e+00
-4.425575213912277484e+00 2.872975053998681361e+00 1.703457799865611522e+00
-4.428197267396897452e+00 2.892802425395792909e+00 1.701097234737323882e+00
-4.430772509507888479e+00 2.912635931109045284e+00 1.698736638784751340e+00
-4.433300925281857374e+00 2.932475460696168490e+00 1.696376012007893896e+00
-4.435782500015651664e+00 2.952320903676900254e+00 1.694015354406751772e+00
-4.438217219266458180e+00 2.972172149533600205e+00 1.691654665981324523e+00
-4.440605068851889214e+00 2.992029087711850721e+00 1.689293946731612595e+00
-4.442946034850074000e+00 3.011891607621074218e+00 1.686933196657615541e+00
-4.445240103599749304e+00 3.031759598635139774e+00 1.684572415759333586e+00
-4.447487261700341143e+00 3.051632950092973751e+00 1.682211604036766950e+00
-4.449687496012053600e+00 3.071511551299173970e+00 1.679850761489915412e+00
-4.451840793655948758e+00 3.091395291524612787e+00 1.677489888118778749e+00
-4.453947142014031968e+00 3.111284060007054819e+00 1.675128983923357184e+00
-4.456006528735597882e+00 3.131177745955922909e+00 1.672768048903650939e+00
-4.458018941754263054e+00 3.151076238564169074e+00 1.670407083059659792e+00
-4.459984369242529390e+00 3.170979426978669746e+00 1.668046086391383742e+00
-4.461902799631140226e+00 3.190887200313636818e+00 1.665685058898822568e+00
-4.463774221612388793e+00 3.210799447653376326e+00 1.663324000581976714e+00
-4.465598624140197259e+00 3.230716058052904849e+00 1.660962911440845957e+00
-4.467375996430194895e+00 3.250636920538564567e+00 1.658601791475430298e+00
-4.469106327959792679e+00 3.270561924108644547e+00 1.656240640685729737e+00
-4.470789608468258791e+00 3.290490957733992250e+00 1.653879459071744273e+00
-4.472425827956792332e+00 3.310423910358632149e+00 1.651518246633473685e+00
-4.474014976688594381e+00 3.330360670900386122e+00 1.649157003370918417e+00
-4.475557045188939043e+00 3.350301128251486293e+00 1.646795729284078469e+00
-4.477052024245240958e+00 3.370245171279200314e+00 1.644434424372953396e+00
-4.478499904907122797e+00 3.390192688826440648e+00 1.642073088637543421e+00
-4.479900678486483656e+00 3.410143569712387190e+00 1.639711722077848544e+00
-4.481254336557559448e+00 3.430097702733106768e+00 1.637350324693868764e+00
-4.482560870956986854e+00 3.450054976662167761e+00 1.634988896485604304e+00
-4.483820273783864607e+00 3.470015280251266709e+00 1.632627437453054497e+00
-4.485032537399815666e+00 3.489978502230833168e+00 1.630265947596220233e+00
-4.486197654429041393e+00 3.509944531310664750e+00 1.627904426915101066e+00
-4.487315617758379283e+00 3.529913256180538639e+00 1.625542875409696775e+00
-4.488386420537359811e+00 3.549884565510825318e+00 1.623181293080007803e+00
-4.489410056178258834e+00 3.569858347953122735e+00 1.620819679926033707e+00
-4.490386518356149992e+00 3.589834492140858480e+00 1.618458035947774931e+00
-4.491315801008955333e+00 3.609812886689925726e+00 1.616096361145231253e+00
-4.492197898337492390e+00 3.629793420199297405e+00 1.613734655518402450e+00
-4.493032804805525693e+00 3.649775981251636381e+00 1.611372919067288967e+00
-4.493820515139809402e+00 3.669760458413936721e+00 1.609011151791890359e+00
-4.494561024330131715e+00 3.689746740238119660e+00 1.606649353692207072e+00
-4.495254327629361946e+00 3.709734715261675753e+00 1.604287524768239104e+00
-4.495900420553486931e+00 3.729724272008277719e+00 1.601925665019985789e+00
-4.496499298881652784e+00 3.749715298988390177e+00 1.599563774447447795e+00
-4.497050958656203079e+00 3.769707684699913131e+00 1.597201853050624676e+00
-4.497555396182717935e+00 3.789701317628778376e+00 1.594839900829517099e+00
-4.498012608030045101e+00 3.809696086249592106e+00 1.592477917784124619e+00
-4.498422591030338147e+00 3.829691879026247747e+00 1.590115903914446793e+00
-4.498785342279082222e+00 3.849688584412537473e+00 1.587753859220484287e+00
-4.499100859135134023e+00 3.869686090852794802e+00 1.585391783702236879e+00
-4.499369139220742220e+00 3.889684286782493672e+00 1.583029677359704568e+00
-4.499590180421579433e+00 3.909683060628889706e+00 1.580667540192887577e+00
-4.499763980886767101e+00 3.929682300811633500e+00 1.578305372201785461e+00
-4.499890539028901237e+00 3.949681895743384796e+00 1.575943173386398666e+00
-4.499969853524072860e+00 3.969681733830452863e+00 1.573580943746726524e+00
-4.500001923311891083e+00 3.989681703473397789e+00 1.571218683282769923e+00
