4.500000000000000000e+00 3.000000000000000000e+00 -1.580000000000000071e+00
4.499733837394781943e+00 2.980001866294391011e+00 -1.588206887485821950e+00
4.499303824927332052e+00 2.960006563326038620e+00 -1.596386730686232713e+00
4.498710503659854254e+00 2.940015342305070778e+00 -1.604539529600829351e+00
4.497954512535984328e+00 2.920029668759943853e+00 -1.612665284229611418e+00
4.497036429688389347e+00 2.900050802325616406e+00 -1.620763994572579358e+00
4.495956844085762683e+00 2.880080013480435852e+00 -1.628835660629732951e+00
4.494716369001263701e+00 2.860118570302442098e+00 -1.636880282401072417e+00
4.493315622617525484e+00 2.840167733653486071e+00 -1.644897859886597535e+00
4.491755234930001173e+00 2.820228747621176701e+00 -1.652888393086308305e+00
4.490035843721121189e+00 2.800302843961376187e+00 -1.660851882000204727e+00
4.488158096768581906e+00 2.780391239699944173e+00 -1.668788326628287022e+00
4.486122651127800509e+00 2.760495138776887014e+00 -1.676697726970554969e+00
4.483930174294400217e+00 2.740615728995630995e+00 -1.684580083027008568e+00
4.481581336031911000e+00 2.720754189864901029e+00 -1.692435394797647819e+00
4.479076819918628161e+00 2.700911681518718854e+00 -1.700263662282472943e+00
4.476417320472549477e+00 2.681089347475186013e+00 -1.708064885481483941e+00
4.473603535235964657e+00 2.661288322222107983e+00 -1.715839064394680369e+00
4.470636166580053583e+00 2.641509729487771185e+00 -1.723586199022062670e+00
4.467515928097360423e+00 2.621754676115491289e+00 -1.731306289363630624e+00
4.464243540925764364e+00 2.602024255144383513e+00 -1.738999335419384229e+00
4.460819730993325294e+00 2.582319545771861513e+00 -1.746665337189323486e+00
4.457245232358906684e+00 2.562641613399105456e+00 -1.754304294673448616e+00
4.453520786677180432e+00 2.542991509623781621e+00 -1.761916207871759399e+00
4.449647141350943969e+00 2.523370272279725324e+00 -1.769501076784255833e+00
4.445625048181441663e+00 2.503778925475220074e+00 -1.777058901410938141e+00
4.441455267761877046e+00 2.484218479468384810e+00 -1.784589681751806101e+00
4.437138566208529866e+00 2.464689930785427752e+00 -1.792093417806859934e+00
4.432675712148542502e+00 2.445194262530377305e+00 -1.799570109576099197e+00
4.428067481762941071e+00 2.425732443931107429e+00 -1.807019757059524334e+00
4.423314657719517484e+00 2.406305430421459057e+00 -1.814442360257135123e+00
4.418418028186127167e+00 2.386914163716312931e+00 -1.821837919168931563e+00
4.413378386589684510e+00 2.367559571821226339e+00 -1.829206433794913877e+00
4.408196531375162763e+00 2.348242569042079175e+00 -1.836547904135081843e+00
4.402873265763561861e+00 2.328964055995268012e+00 -1.843862330189435461e+00
4.397409396019456018e+00 2.309724920427278061e+00 -1.851149711957974953e+00
4.391805731904497634e+00 2.290526036847172264e+00 -1.858410049440699874e+00
4.386063087902788205e+00 2.271368265739926340e+00 -1.865643342637610669e+00
4.380182281999575267e+00 2.252252454108420121e+00 -1.872849591548707338e+00
4.374164135416440224e+00 2.233179435496005727e+00 -1.880028796173989436e+00
4.368009472346493283e+00 2.214150030009077508e+00 -1.887180956513457408e+00
4.361719119689563939e+00 2.195165044339637550e+00 -1.894306072567111032e+00
4.355293908813196779e+00 2.176225272056390381e+00 -1.901404144334950308e+00
4.348734680499594774e+00 2.157331494318134979e+00 -1.908475171816975458e+00
4.342042274186756146e+00 2.138484478505329633e+00 -1.915519155013186259e+00
4.335217531550290992e+00 2.119684978752539806e+00 -1.922536093923582712e+00
4.328261296836954486e+00 2.100933736050313971e+00 -1.929525988548165039e+00
4.321174416686456077e+00 2.082231478279234604e+00 -1.936488838886932795e+00
4.313957739953276693e+00 2.063578920243969161e+00 -1.943424644939886647e+00
4.306612117605510548e+00 2.044976763749453141e+00 -1.950333406707025929e+00
4.299138404221648280e+00 2.026425698551089116e+00 -1.957215124188350863e+00
4.291537455964094860e+00 2.007926401377845504e+00 -1.964069797383861671e+00
4.283810130253249859e+00 1.989479535885501749e+00 -1.970897426293558130e+00
4.275957286112313405e+00 1.971085752976753591e+00 -1.977698010917440463e+00
4.267979784010011990e+00 1.952745690846706683e+00 -1.984471551255508448e+00
4.259878485703326056e+00 1.934459975028364198e+00 -1.991218047307762085e+00
4.251654254080222906e+00 1.916229218438117110e+00 -1.997937499074201373e+00
4.243307953589917858e+00 1.898054021865689167e+00 -2.004629906554826313e+00
4.234840450265833667e+00 1.879934974155959670e+00 -2.011295269749637349e+00
4.226252610316807434e+00 1.861872651307725279e+00 -2.017933588658634037e+00
4.217545300613207537e+00 1.843867617005886528e+00 -2.024544863281815932e+00
4.208719388551496188e+00 1.825920422683458222e+00 -2.031129093619183923e+00
4.199775741909965276e+00 1.808031607576897848e+00 -2.037686279670737566e+00
4.190715228704465112e+00 1.790201698781429984e+00 -2.044216421436476860e+00
4.181538717483423540e+00 1.772431211579237553e+00 -2.050719518916401807e+00
4.172247076965281742e+00 1.754720649359193141e+00 -2.057195572110512405e+00
4.162841176479360250e+00 1.737070504035640450e+00 -2.063644581018809099e+00
4.153321884471002257e+00 1.719481255264806441e+00 -2.070066545641291444e+00
4.143690069100336437e+00 1.701953370961656997e+00 -2.076461465977959442e+00
4.133946598103307224e+00 1.684487307358520480e+00 -2.082829342028813091e+00
4.124092338654487655e+00 1.667083509064805735e+00 -2.089170173793852392e+00
4.114128157242466166e+00 1.649742409133165166e+00 -2.095483961273077345e+00
4.104054920593868339e+00 1.632464429643544213e+00 -2.101770704466487949e+00
4.093873494652866540e+00 1.615249981327530504e+00 -2.108030403374084649e+00
4.083584743907308301e+00 1.598099463364037964e+00 -2.114263057995866557e+00
4.073189531799078722e+00 1.581013263710464356e+00 -2.120468668331834561e+00
4.062688720615849292e+00 1.563991759178049668e+00 -2.126647234381988216e+00
4.052083171385404192e+00 1.547035315508738629e+00 -2.132798756146327523e+00
4.041373743772568972e+00 1.530144287453548468e+00 -2.138923233624852926e+00
4.030561295978727365e+00 1.513319018852442355e+00 -2.145020666817563537e+00
4.019646684643935153e+00 1.496559842715708077e+00 -2.151091055724459800e+00
4.008630764807282532e+00 1.479867081316401878e+00 -2.157134400345542158e+00
3.997514390640499737e+00 1.463241046416642099e+00 -2.163150700680810168e+00
3.986298414298728332e+00 1.446682039171620193e+00 -2.169139956730263830e+00
3.974983685897510277e+00 1.430190350228077500e+00 -2.175102168493903143e+00
3.963571053664991517e+00 1.413766259853935559e+00 -2.181037335971728108e+00
3.952061363872485522e+00 1.397410038030922230e+00 -2.186945459163738725e+00
3.940455460768211626e+00 1.381121944548803437e+00 -2.192826538069935438e+00
3.928754186514196611e+00 1.364902229101218945e+00 -2.198680572690317803e+00
3.916958381126344424e+00 1.348751131383121082e+00 -2.204507563024885375e+00
3.905068882417680243e+00 1.332668881189819743e+00 -2.210307509073639043e+00
3.893086525646148655e+00 1.316655698279628472e+00 -2.216080410836578363e+00
3.881012141994189868e+00 1.300711791304455689e+00 -2.221826268313703334e+00
3.868846561028952191e+00 1.284837359912231136e+00 -2.227545081505014402e+00
3.856590609923213897e+00 1.269032594266548131e+00 -2.233236850410510677e+00
3.844245113160125182e+00 1.253297674951004970e+00 -2.238901575030193047e+00
3.831810892469790009e+00 1.237632773057420366e+00 -2.244539255364061070e+00
3.819288766767889420e+00 1.222038050274750098e+00 -2.250149891412114744e+00
3.806679552096333907e+00 1.206513658978700443e+00 -2.255733483174354070e+00
3.793984061565950139e+00 1.191059742322045034e+00 -2.261290030650779048e+00
3.781203105301202960e+00 1.175676434325639841e+00 -2.266819533841389678e+00
3.768337490161715042e+00 1.160363859744505399e+00 -2.272321992746185959e+00
3.755388019328770532e+00 1.145122133797321418e+00 -2.277797407365168336e+00
3.742355493188298521e+00 1.129951363193344216e+00 -2.283245777698336365e+00
3.729240708882428201e+00 1.114851645824217474e+00 -2.288667103745689602e+00
3.716044460223336898e+00 1.099823070817370629e+00 -2.294061385507228934e+00
3.702767537640268891e+00 1.084865718621315089e+00 -2.299428622982954362e+00
3.689410728128160510e+00 1.069979661091209122e+00 -2.304768816172864998e+00
3.675974815197860845e+00 1.055164961574683646e+00 -2.310081965076961286e+00
3.662460578827952951e+00 1.040421674997936474e+00 -2.315368069695243669e+00
3.648868795418176880e+00 1.025749847952091010e+00 -2.320627130027711704e+00
3.635200237641233567e+00 1.011149518608648101e+00 -2.325859146074364947e+00
3.621455674396090618e+00 9.966207168008769379e-01 -2.331064117835204286e+00
3.607635870957901947e+00 9.821634644288812499e-01 -2.336242045310229276e+00
3.593741588828911926e+00 9.677777753663936444e-01 -2.341392928499440362e+00
3.579773585696429006e+00 9.534636555427422611e-01 -2.346516767402836656e+00
3.565732615393116589e+00 9.392211030262809235e-01 -2.351613562020419046e+00
3.551619427858771161e+00 9.250501081078881249e-01 -2.356683312352186643e+00
3.537434769103576571e+00 9.109506533845330711e-01 -2.361726018398140337e+00
3.523179381172842017e+00 8.969227138429127777e-01 -2.366741680158279681e+00
3.508854002111974513e+00 8.829662569413826434e-01 -2.371730297632605122e+00
3.494459365794904127e+00 8.690812424956748661e-01 -2.376691870821115771e+00
3.479996202007137995e+00 8.552676229246718442e-01 -2.381626399723812071e+00
3.465465236492646373e+00 8.415253434427157897e-01 -2.386533884340694467e+00
3.450867190853206701e+00 8.278543420400616970e-01 -2.391414324671762515e+00
3.436202782519595100e+00 8.142545495634643249e-01 -2.396267720717015770e+00
3.421472724724146541e+00 8.007258897966773592e-01 -2.401094072476455565e+00
3.406677726474690360e+00 7.872682795408670886e-01 -2.405893379950080568e+00
3.391818492529854456e+00 7.738816286949368184e-01 -2.410665643137891223e+00
3.376895723375743064e+00 7.605658403357663522e-01 -2.415410862039887530e+00
3.361910115209643113e+00 7.473208108046430764e-01 -2.420129036656069488e+00
3.346862359679177334e+00 7.341464295206412416e-01 -2.424820166986437542e+00
3.331753144202254990e+00 7.210425794370484143e-01 -2.429484253030991248e+00
3.316583151836788979e+00 7.080091369964487402e-01 -2.434121294789730605e+00
3.301353061247930487e+00 6.950459721924311385e-01 -2.438731292262655614e+00
3.286063546690088710e+00 6.821529486461013203e-01 -2.443314245449766275e+00
3.270715277990281944e+00 6.693299236824629128e-01 -2.447870154351062588e+00
3.255308920532814287e+00 6.565767484066563631e-01 -2.452399018966544997e+00
3.239845135245253083e+00 6.438932677800394133e-01 -2.456900839296212613e+00
3.224324578585711976e+00 6.312793206960989334e-01 -2.461375615340066325e+00
3.208747902495721505e+00 6.187347400253666585e-01 -2.465823347098105689e+00
3.193115754212864754e+00 6.062593525379742498e-01 -2.470244034570330705e+00
3.177428776576249003e+00 5.938529792503712823e-01 -2.474637677756741816e+00
3.161687607924263954e+00 5.815154354187678232e-01 -2.479004276657338135e+00
3.145892882055630224e+00 5.692465305859080171e-01 -2.483343831272120106e+00
3.130045228221335574e+00 5.570460686532047179e-01 -2.487656341601088172e+00
3.114145271117602753e+00 5.449138479524525680e-01 -2.491941807644241891e+00
3.098193630879866323e+00 5.328496613171010976e-01 -2.496200229401581261e+00
3.082190923077742895e+00 5.208532961530677463e-01 -2.500431606873106283e+00
3.066137758710979266e+00 5.089245345090775974e-01 -2.504635940058816956e+00
3.050034744206358006e+00 4.970631531465077857e-01 -2.508813228958713282e+00
3.033882481415544063e+00 4.852689236087207592e-01 -2.512963473572795703e+00
3.017681567610816629e+00 4.735416122880984346e-01 -2.517086673901063776e+00
3.001432595273247461e+00 4.618809803712818907e-01 -2.521182829943517056e+00
2.985136152297309220e+00 4.502867840255400100e-01 -2.525251941700156433e+00
2.968792822077993776e+00 4.387587745157136565e-01 -2.529294009170981461e+00
2.952403183409280985e+00 4.272966982103314493e-01 -2.533309032355992141e+00
2.935967810484009011e+00 4.159002966456016859e-01 -2.537297011255188917e+00
2.919487272894352170e+00 4.045693065886422635e-01 -2.541257945868570900e+00
2.902962135632882745e+00 3.933034600999301689e-01 -2.545191836196138979e+00
2.886392959094191468e+00 3.821024845949461124e-01 -2.549098682237892266e+00
2.869780299077044905e+00 3.709661029049943770e-01 -2.552978483993831649e+00
2.853124706787057097e+00 3.598940333371770661e-01 -2.556831241463956683e+00
2.836426728839843925e+00 3.488859897334976590e-01 -2.560656954648267369e+00
2.819686907264652209e+00 3.379416815290789966e-01 -2.564455623546764151e+00
2.802905779608686476e+00 3.270608139559760819e-01 -2.568227248159446141e+00
2.786083879033938615e+00 3.162430882344919869e-01 -2.571971828486313782e+00
2.769221733987889067e+00 3.054882011402669795e-01 -2.575689364527367520e+00
2.752319868370369793e+00 2.947958452948862274e-01 -2.579379856282606909e+00
2.735378801549945837e+00 2.841657092350752256e-01 -2.583043303752031949e+00
2.718399048373249194e+00 2.735974774701155354e-01 -2.586679706935642642e+00
2.701381119174834922e+00 2.630908305385408208e-01 -2.590289065833438986e+00
2.684325519787546188e+00 2.526454450641060223e-01 -2.593871380445420982e+00
2.667232751553354486e+00 2.422609938110063532e-01 -2.597426650771589074e+00
2.650103311334681244e+00 2.319371457383467283e-01 -2.600954876811942817e+00
2.632937691526158197e+00 2.216735660538387553e-01 -2.604456058566481769e+00
2.615736380066828737e+00 2.114699162667178778e-01 -2.607930196035207260e+00
2.598499860474297929e+00 2.013258542710755217e-01 -2.611377289218117514e+00
2.581228612040014525e+00 1.912410346613529488e-01 -2.614797338115214309e+00
2.563923109562714409e+00 1.812151083770832116e-01 -2.618190342726496311e+00
2.546583823419523718e+00 1.712477228356738546e-01 -2.621556303051963965e+00
2.529211219622891527e+00 1.613385220433037892e-01 -2.624895219091617715e+00
2.511805759837741459e+00 1.514871466468218908e-01 -2.628207090845457117e+00
2.494367901399100251e+00 1.416932339850294209e-01 -2.631491918313482170e+00
2.476898097330213933e+00 1.319564181393515778e-01 -2.634749701495692875e+00
2.459396796361126292e+00 1.222763299838849627e-01 -2.637980440392089232e+00
2.441864442947704106e+00 1.126525972348198790e-01 -2.641184135002671685e+00
2.424301477291116669e+00 1.030848444992354951e-01 -2.644360785327439345e+00
2.406708335357729656e+00 9.357269332325501843e-02 -2.647510391366393101e+00
2.389085448899506581e+00 8.411576223969532973e-02 -2.650632953119532509e+00
2.371433245532297285e+00 7.471366690929702459e-02 -2.653728470586857124e+00
2.353752148718887049e+00 6.536602010455357104e-02 -2.656796943768368280e+00
2.336042577740276016e+00 5.607243167297618069e-02 -2.659838372664064643e+00
2.318304947756987033e+00 4.683250864665063073e-02 -2.662852757273946658e+00
2.300539669832290635e+00 3.764585528813538251e-02 -2.665840097598014768e+00
2.282747150955850124e+00 2.851207313580320091e-02 -2.668800393636268087e+00
2.264927794067756128e+00 1.943076104861661546e-02 -2.671733645388707501e+00
2.247081998082963938e+00 1.040151525034534868e-02 -2.674639852855332567e+00
2.229210157916100776e+00 1.423929373215910427e-03 -2.677519016036143285e+00
2.211312664506646986e+00 -7.502405499004733552e-03 -2.680371134931139654e+00
2.193389904844481375e+00 -1.637790078849008651e-02 -2.683196209540321675e+00
2.175442261995768511e+00 -2.520297038140902057e-02 -2.685994239863689792e+00
2.157470115141252531e+00 -3.397803056632872631e-02 -2.688765225901243117e+00
2.139473839626332641e+00 -4.270349995397280940e-02 -2.691509167652982093e+00
2.121453806929857411e+00 -5.137979953439862635e-02 -2.694226065118907165e+00
2.103410384715721282e+00 -6.000735259642257791e-02 -2.696915918299017889e+00
2.085343936863347736e+00 -6.858658468351459814e-02 -2.699578727193314709e+00
2.067254823496017302e+00 -7.711792355438520929e-02 -2.702214491801796736e+00
2.049143401009504650e+00 -8.560179914409732360e-02 -2.704823212124464415e+00
2.031010022101015444e+00 -9.403864352569946128e-02 -2.707404888161318190e+00
2.012855035798432279e+00 -1.024288908723773595e-01 -2.709959519912357617e+00
1.994678787489834182e+00 -1.107729774201313411e-01 -2.712487107377582252e+00
1.976481618953302100e+00 -1.190713414309703400e-01 -2.714987650556993426e+00
1.958263868386990181e+00 -1.273244231566299511e-01 -2.717461149450589808e+00
1.940025870442011025e+00 -1.355326647995185874e-01 -2.719907604058371842e+00
1.921767956292349311e+00 -1.436965104268241034e-01 -2.722327014380339527e+00
1.903490453613307043e+00 -1.518164060032462515e-01 -2.724719380416492864e+00
1.885193686616081887e+00 -1.598927993522595015e-01 -2.727084702166832297e+00
1.866877976091013247e+00 -1.679261401070205051e-01 -2.729422979631357382e+00
1.848543639439636621e+00 -1.759168796764813691e-01 -2.731734212810068119e+00
1.830190990706986875e+00 -1.838654712119730250e-01 -2.734018401702964507e+00
1.811820340614125779e+00 -1.917723695742639400e-01 -2.736275546310046547e+00
1.793431996590904243e+00 -1.996380313010844287e-01 -2.738505646631314683e+00
1.775026262808935718e+00 -2.074629145751217818e-01 -2.740708702666768026e+00
1.756603440214780099e+00 -2.152474791924823272e-01 -2.742884714416407466e+00
1.738163826563333902e+00 -2.229921865316157326e-01 -2.745033681880232557e+00
1.719707716451405854e+00 -2.306974995227072944e-01 -2.747155605058243300e+00
1.701235401377462875e+00 -2.383638825908310499e-01 -2.749250483950439694e+00
1.682747169770164142e+00 -2.459918016318209388e-01 -2.751318318556821740e+00
1.664243306980875747e+00 -2.535817240257923766e-01 -2.753359108877389438e+00
1.645724095343715776e+00 -2.611341185818891186e-01 -2.755372854912143232e+00
1.627189814210621144e+00 -2.686494555093079106e-01 -2.757359556661082678e+00
1.608640739986515911e+00 -2.761282063888290117e-01 -2.759319214124207331e+00
1.590077146164649013e+00 -2.835708441447629125e-01 -2.761251827301518080e+00
1.571499303362099198e+00 -2.909778430173097785e-01 -2.763157396193014481e+00
1.552907479355448483e+00 -2.983496785353244030e-01 -2.765035920798696534e+00
1.534301939116598623e+00 -3.056868274894923854e-01 -2.766887401118564682e+00
1.515682944848745883e+00 -3.129897679059056581e-01 -2.768711837152618038e+00
1.497050756022489049e+00 -3.202589790200420783e-01 -2.770509228900857490e+00
1.478405629425667334e+00 -3.274949412397967774e-01 -2.772279576363282594e+00
1.459747819243885081e+00 -3.346981360834072050e-01 -2.774022879539893349e+00
1.441077577000974275e+00 -3.418690462347572234e-01 -2.775739138430689756e+00
1.422395151631095755e+00 -3.490081554893108007e-01 -2.777428353035671815e+00
1.403700789522584369e+00 -3.561159487240990185e-01 -2.779090523354839526e+00
1.384994734555138329e+00 -3.631929118737302620e-01 -2.780725649388193332e+00
1.366277228137126265e+00 -3.702395319067650070e-01 -2.782333731135732346e+00
1.347548509242988413e+00 -3.772562968024570917e-01 -2.783914768597457456e+00
1.328808814450746834e+00 -3.842436955278522581e-01 -2.785468761773368218e+00
1.310058377979600897e+00 -3.912022180152464057e-01 -2.786995710663464632e+00
1.291297431727607359e+00 -3.981323551399982841e-01 -2.788495615267746697e+00
1.272526205309446379e+00 -4.050345986986914060e-01 -2.789968475586214414e+00
1.253744926094250589e+00 -4.119094413876478455e-01 -2.791414291618868226e+00
1.234953819243508555e+00 -4.187573767817840964e-01 -2.792833063365707691e+00
1.216153107749021967e+00 -4.255788993138117093e-01 -2.794224790826732363e+00
1.197343012470915236e+00 -4.323745042537776584e-01 -2.795589474001943131e+00
1.178523752223753718e+00 -4.391446876522665521e-01 -2.796927112891339551e+00
1.159695543922695915e+00 -4.458899462381517020e-01 -2.798237707494921622e+00
1.140858602351303430e+00 -4.526107776054211218e-01 -2.799521257812689790e+00
1.122013140311227897e+00 -4.593076801089348571e-01 -2.800777763844643165e+00
1.103159368675596719e+00 -4.659811528340125353e-01 -2.802007225590782635e+00
1.084297496428313634e+00 -4.726316955771024952e-01 -2.803209643051107314e+00
1.065427730703414788e+00 -4.792598088267293610e-01 -2.804385016225618088e+00
1.046550276824492975e+00 -4.858659937447097343e-01 -2.805533345114314514e+00
1.027665338344168955e+00 -4.924507521476373384e-01 -2.806654629717196592e+00
1.008773117083610282e+00 -4.990145864886322835e-01 -2.807748870034264765e+00
9.898738131721019906e-01 -5.055579998393466834e-01 -2.808816066065518147e+00
9.709676250866416947e-01 -5.120814958722296195e-01 -2.809856217810957624e+00
9.520547496915809926e-01 -5.185855788430399071e-01 -2.810869325270582308e+00
9.331353822782850749e-01 -5.250707535736091058e-01 -2.811855388444393089e+00
9.142097166048163137e-01 -5.315375254348471135e-01 -2.812814407332389521e+00
8.952779449356407238e-01 -5.379864003299860142e-01 -2.813746381934571605e+00
8.763402581298613825e-01 -5.444178846489576840e-01 -2.814651312250939785e+00
8.573968457526150999e-01 -5.508324852091172064e-01 -2.815529198281493173e+00
8.384478958976386842e-01 -5.572307093694282010e-01 -2.816380040026232656e+00
8.194935953254364192e-01 -5.636130649555772809e-01 -2.817203837485157791e+00
8.005341295119822176e-01 -5.699800602389644144e-01 -2.818000590658268134e+00
7.815696826893324678e-01 -5.763322039207494640e-01 -2.818770299545564573e+00
7.626004378862760724e-01 -5.826700051160793592e-01 -2.819512964147047107e+00
7.436265769690018068e-01 -5.889939733384957909e-01 -2.820228584462714849e+00
7.246482806817847733e-01 -5.953046184845173228e-01 -2.820917160492568243e+00
7.056657286876956148e-01 -6.016024508183881458e-01 -2.821578692236607733e+00
6.866790996093111721e-01 -6.078879809569954773e-01 -2.822213179694832430e+00
6.676885710694411280e-01 -6.141617198549438328e-01 -2.822820622867243223e+00
6.486943197318530974e-01 -6.204241787897863958e-01 -2.823401021753839668e+00
6.296965213419949414e-01 -6.266758693474078212e-01 -2.823954376354621765e+00
6.106953507677195248e-01 -6.329173034075513682e-01 -2.824480686669589513e+00
5.916909820399901543e-01 -6.391489931294899174e-01 -2.824979952698743357e+00
5.726835884443524094e-01 -6.453714509118705367e-01 -2.825452174442082409e+00
5.536733426055489016e-01 -6.515851893561871444e-01 -2.825897351899607557e+00
5.346604163487465033e-01 -6.577907213445989276e-01 -2.826315485071317912e+00
5.156449808288827708e-01 -6.639885599807574534e-01 -2.826706573957214363e+00
4.966272065765102717e-01 -6.701792185734342100e-01 -2.827070618557296466e+00
4.776072635391805932e-01 -6.763632106225260232e-01 -2.827407618871564665e+00
4.585853211228250736e-01 -6.825410498051522890e-01 -2.827717574900018072e+00
4.395615482331364232e-01 -6.887132499618335846e-01 -2.828000486642657130e+00
4.205361133169525090e-01 -6.948803250827464417e-01 -2.828256354099482284e+00
4.015091844036250412e-01 -7.010427892940548356e-01 -2.828485177270493089e+00
3.824809291463888705e-01 -7.072011568443044016e-01 -2.828686956155689547e+00
3.634515148637111892e-01 -7.133559420908825999e-01 -2.828861690755071656e+00
3.444211085806260231e-01 -7.195076594865353892e-01 -2.829009381068639417e+00
3.253898770700557885e-01 -7.256568235659345278e-01 -2.829130027096392830e+00
3.063579868941014306e-01 -7.318039489322940572e-01 -2.829223628838332338e+00
2.873256044453166291e-01 -7.379495502440273080e-01 -2.829290186294457055e+00
2.682928960307932598e-01 -7.440941421835139957e-01 -2.829329699464767867e+00
2.492600279292398746e-01 -7.502382394371870378e-01 -2.829342168349264330e+00
2.302271663143133362e-01 -7.563823567315918206e-01 -2.829327592947946446e+00
2.111944773592310809e-01 -7.625270087936009134e-01 -2.829285973260814213e+00
1.921621272801743718e-01 -7.686727103362400726e-01 -2.829217309287867632e+00
1.731302823779208300e-01 -7.748199760452465501e-01 -2.829121601029107147e+00
1.540991090794591734e-01 -7.809693205656212944e-01 -2.828998848484531869e+00
1.350687739795906062e-01 -7.871212584881667196e-01 -2.828849051654142688e+00
1.160394438824975949e-01 -7.932763043360113731e-01 -2.828672210537939158e+00
9.701128584329700433e-02 -7.994349725511084026e-01 -2.828468325135921280e+00
7.798446720955917733e-02 -8.055977774807081548e-01 -2.828237395448089053e+00
5.895915566279681663e-02 -8.117652333637975781e-01 -2.827979421474442479e+00
3.993551925992777640e-02 -8.179378543174988803e-01 -2.827694403214982000e+00
2.091372647469269194e-02 -8.241161543234267750e-01 -2.827382340669706728e+00
1.893946239044940610e-03 -8.303006472139933258e-01 -2.827043233838617553e+00
-1.712365201550614460e-02 -8.364918466586601653e-01 -2.826677082721714029e+00
-3.613889828485999933e-02 -8.426902661382540405e-01 -2.826283887318996157e+00
-5.515162195225037367e-02 -8.488964189315348907e-01 -2.825863647630463937e+00
-7.416165181330003353e-02 -8.551108181260470564e-01 -2.825416363656117813e+00
-9.316881599570586703e-02 -8.613339765894439948e-01 -2.824942035395956896e+00
-1.121729419173201903e-01 -8.675664069550801383e-01 -2.824440662849981631e+00
-1.311738562447251899e-01 -8.738086216076788038e-01 -2.823912246018192462e+00
-1.501713848518529681e-01 -8.800611326689034009e-01 -2.823356784900588945e+00
-1.691653527786333711e-01 -8.863244519828176182e-01 -2.822774279497171079e+00
-1.881555841896976888e-01 -8.925990911012403606e-01 -2.822164729807938865e+00
-2.071419023331208531e-01 -8.988855612689810037e-01 -2.821528135832892303e+00
-2.261241294992101802e-01 -9.051843734089528581e-01 -2.820864497572031837e+00
-2.451020869793500145e-01 -9.114960381071610662e-01 -2.820173815025356578e+00
-2.640755950248839801e-01 -9.178210655975524990e-01 -2.819456088192867416e+00
-2.830444728060635962e-01 -9.241599657467319817e-01 -2.818711317074563905e+00
-3.020085383710455207e-01 -9.305132480385313043e-01 -2.817939501670446045e+00
-3.209676086049458310e-01 -9.368814215584280181e-01 -2.817140641980513838e+00
-3.399214991749857639e-01 -9.432649949729606798e-01 -2.816314738004767282e+00
-3.588700244949490914e-01 -9.496644765156642132e-01 -2.815461789743206378e+00
-3.778129977056754463e-01 -9.560803739783858557e-01 -2.814581797195831570e+00
-3.967502306203386508e-01 -9.625131946901785973e-01 -2.813674760362641969e+00
-4.156815336836471864e-01 -9.689634455008282465e-01 -2.812740679243638464e+00
-4.346067159311493011e-01 -9.754316327642087447e-01 -2.811779553838820611e+00
-4.535255849485890223e-01 -9.819182623214411931e-01 -2.810791384148188410e+00
-4.724379468313417707e-01 -9.884238394838607000e-01 -2.809776170171741860e+00
-4.913436061439115377e-01 -9.949488690157780590e-01 -2.808733911909480963e+00
-5.102423658794980055e-01 -1.001493855117033149e+00 -2.807664609361406161e+00
-5.291340274196424387e-01 -1.008059301405336505e+00 -2.806568262527517010e+00
-5.480183904939336381e-01 -1.014645710898387732e+00 -2.805444871407813068e+00
-5.668952531398037120e-01 -1.021253585995771651e+00 -2.804294436002295221e+00
-5.857644116623943464e-01 -1.027883428460621751e+00 -2.803116956310963026e+00
-6.046256605945019569e-01 -1.034535739401049481e+00 -2.801912432333816483e+00
-6.234787926566138783e-01 -1.041211019251330416e+00 -2.800680864070856035e+00
-6.423235987271349590e-01 -1.047909767756328936e+00 -2.799422251522080796e+00
-6.611598677958446801e-01 -1.054632483949860200e+00 -2.798136594687491652e+00
-6.799873869137348370e-01 -1.061379666131516686e+00 -2.796823893567088160e+00
-6.988059411614021554e-01 -1.068151811849592514e+00 -2.795484148160870319e+00
-7.176153136096041774e-01 -1.074949417881006841e+00 -2.794117358468838130e+00
-7.364152852798984128e-01 -1.081772980210946811e+00 -2.792723524490991593e+00
-7.552056351053939576e-01 -1.088622994012236500e+00 -2.791302646227330708e+00
-7.739861398915988122e-01 -1.095499953624417655e+00 -2.789854723677855475e+00
-7.927565742773687862e-01 -1.102404352532539544e+00 -2.788379756842566337e+00
-8.115167106959698673e-01 -1.109336683345654384e+00 -2.786877745721462851e+00
-8.302663193362331828e-01 -1.116297437775005452e+00 -2.785348690314545017e+00
-8.490051681038335296e-01 -1.123287106611913666e+00 -2.783792590621812835e+00
-8.677330225826715981e-01 -1.130306179705345970e+00 -2.782209446643266304e+00
-8.864496459963704389e-01 -1.137355145939167089e+00 -2.780599258378905425e+00
-9.051547991698927209e-01 -1.144434493209067760e+00 -2.778962025828730198e+00
-9.238482404916290580e-01 -1.151544708399293793e+00 -2.777297748992741067e+00
-9.425297259522391613e-01 -1.158686277387300123e+00 -2.775606427870937143e+00
-9.611990090294116884e-01 -1.165859684991196854e+00 -2.773888062463319315e+00
-9.798558406018016420e-01 -1.173065414927561445e+00 -2.772142652769887139e+00
-9.984999689623776931e-01 -1.180303949805516117e+00 -2.770370198790640615e+00
-1.017131139780957705e+00 -1.187575771101657685e+00 -2.768570700525579742e+00
-1.035749096066894914e+00 -1.194881359134635668e+00 -2.766744157974704965e+00
-1.054353578131895341e+00 -1.202221193039358482e+00 -2.764890571138015396e+00
-1.072944323552975643e+00 -1.209595750740828146e+00 -2.763009940015511923e+00
-1.091521067135571954e+00 -1.217005508927600399e+00 -2.761102264607194101e+00
-1.110083540876778185e+00 -1.224450943024856908e+00 -2.759167544913061931e+00
-1.128631473928746853e+00 -1.231932527167092450e+00 -2.757205780933115413e+00
-1.147164592562231356e+00 -1.239450734170406410e+00 -2.755216972667354547e+00
-1.165682620130279457e+00 -1.247006035504395038e+00 -2.753201120115779776e+00
-1.184185277032087091e+00 -1.254598901263638711e+00 -2.751158223278390214e+00
-1.202672280676994943e+00 -1.262229800138775504e+00 -2.749088282155186747e+00
-1.221143345448655104e+00 -1.269899199387163113e+00 -2.746991296746168487e+00
-1.239598182669352511e+00 -1.277607564803114437e+00 -2.744867267051336324e+00
-1.258036500564486238e+00 -1.285355360687708615e+00 -2.742716193070689812e+00
-1.276458004227218224e+00 -1.293143049818166412e+00 -2.740538074804229396e+00
-1.294862395583290304e+00 -1.300971093416791735e+00 -2.738332912251954188e+00
-1.313249373356000005e+00 -1.308839951119461498e+00 -2.736100705413864631e+00
-1.331618633031356413e+00 -1.316750080943672518e+00 -2.733841454289961170e+00
-1.349969866835189158e+00 -1.324701939260859440e+00 -2.731555158880242917e+00
-1.368302764152851791e+00 -1.332695980945759473e+00 -2.729241819184711204e+00
-1.386617010908035574e+00 -1.340732659107612967e+00 -2.726901435203364699e+00
-1.404912289453215557e+00 -1.348812425026094663e+00 -2.724534006936203845e+00
-1.423188278748651392e+00 -1.356935728202475877e+00 -2.722139534383228643e+00
-1.441444654329664177e+00 -1.365103016325277530e+00 -2.719718017544439093e+00
-1.459681088274135785e+00 -1.373314735235451778e+00 -2.717269456419835638e+00
-1.477897249170243565e+00 -1.381571328891087802e+00 -2.714793851009417835e+00
-1.496092802084409978e+00 -1.389873239331627985e+00 -2.712291201313185685e+00
-1.514267408529499814e+00 -1.398220906641603145e+00 -2.709761507331139185e+00
-1.532420726433243452e+00 -1.406614768913867719e+00 -2.707204769063278338e+00
-1.550552410106900147e+00 -1.415055262212338683e+00 -2.704620986509603142e+00
-1.568662110214167571e+00 -1.423542820534231090e+00 -2.702010159670114042e+00
-1.586749473740322491e+00 -1.432077875771778031e+00 -2.699372288544810150e+00
-1.604814143961620143e+00 -1.440660857673442097e+00 -2.696707373133692354e+00
-1.622855760414936066e+00 -1.449292193804603279e+00 -2.694015413436760209e+00
-1.640873958867660631e+00 -1.457972309507719721e+00 -2.691296409454013716e+00
-1.658868371287852916e+00 -1.466701627861963342e+00 -2.688550361185452875e+00
-1.676838625814641270e+00 -1.475480569642309892e+00 -2.685777268631077686e+00
-1.694784346728894109e+00 -1.484309553278096105e+00 -2.682977131790888592e+00
-1.712705154424150056e+00 -1.493188994811025738e+00 -2.680149950664884706e+00
-1.730600665377810765e+00 -1.502119307852623820e+00 -2.677295725253066916e+00
-1.748470492122610631e+00 -1.511100903541135576e+00 -2.674414455555434778e+00
-1.766314243259085037e+00 -1.520134190517553163e+00 -2.671506141571988291e+00
-1.784131524071155717e+00 -1.529219575192491742e+00 -2.668570783302727456e+00
-1.801921935545757858e+00 -1.538357461240860369e+00 -2.665608380747652273e+00
-1.819685074431959482e+00 -1.547548249598317271e+00 -2.662618933906763186e+00
-1.837420533429694469e+00 -1.556792338519662922e+00 -2.659602442780059750e+00
-1.855127901165468662e+00 -1.566090123533525169e+00 -2.656558907367541522e+00
-1.872806762168484962e+00 -1.575441997396515470e+00 -2.653488327669209390e+00
-1.890456696847163887e+00 -1.584848350046834442e+00 -2.650390703685062910e+00
-1.908077281466079356e+00 -1.594309568557332302e+00 -2.647266035415102081e+00
-1.925668088123313249e+00 -1.603826037088019740e+00 -2.644114322859326904e+00
-1.943228684728221412e+00 -1.613398136838013919e+00 -2.640935566017737823e+00
-1.960758634979637760e+00 -1.623026245996933570e+00 -2.637729764890333950e+00
-1.978257498344502485e+00 -1.632710739695724111e+00 -2.634496919477116172e+00
-1.995724830036926800e+00 -1.642451989956914771e+00 -2.631237029778084047e+00
-2.013160180997707105e+00 -1.652250365644304386e+00 -2.627950095793237573e+00
-2.030563097874269030e+00 -1.662106232412065898e+00 -2.624636117522576750e+00
-2.047933123001080435e+00 -1.672019952653272634e+00 -2.621295094966101580e+00
-2.065269794380507840e+00 -1.681991885447838841e+00 -2.617927028123812061e+00
-2.082572645664142019e+00 -1.692022386509867582e+00 -2.614531916995708638e+00
-2.099841206142023076e+00 -1.702111808146265837e+00 -2.611109761581790867e+00
-2.117075000804705454e+00 -1.712260499330178209e+00 -2.607660561882058747e+00
-2.134273550197380409e+00 -1.722468805441425221e+00 -2.604184317896512280e+00
-2.151436370425920064e+00 -1.732737068247855783e+00 -2.600681029625151464e+00
-2.168562973163424612e+00 -1.743065625886114578e+00 -2.597150697067976299e+00
-2.185652865634748476e+00 -1.753454812805887997e+00 -2.593593320224987231e+00
-2.202705550601524731e+00 -1.763904959713541221e+00 -2.590008899096183370e+00
-2.219720526347715772e+00 -1.774416393515166446e+00 -2.586397433681565161e+00
-2.236697286665681350e+00 -1.784989437259021372e+00 -2.582758923981133048e+00
-2.253635320842771961e+00 -1.795624410077359956e+00 -2.579093369994886586e+00
-2.270534113648460917e+00 -1.806321627127654983e+00 -2.575400771722825777e+00
-2.287393145321998222e+00 -1.817081399533199582e+00 -2.571681129164950619e+00
-2.304211891560623560e+00 -1.827904034323095006e+00 -2.567934442321261557e+00
-2.320989823508317063e+00 -1.838789834371612697e+00 -2.564160711191757702e+00
-2.337726407745105650e+00 -1.849739098336930621e+00 -2.560359935776439944e+00
-2.354421106276930242e+00 -1.860752120599240556e+00 -2.556532116075307837e+00
-2.371073376526068088e+00 -1.871829191198216558e+00 -2.552677252088360937e+00
-2.387682671322132411e+00 -1.882970595769851707e+00 -2.548795343815600134e+00
-2.404248438893643147e+00 -1.894176615482648707e+00 -2.544886391257024982e+00
-2.420770122948414205e+00 -1.905447527038137689e+00 -2.540950394412635926e+00
-2.437247163333672528e+00 -1.916783603097172772e+00 -2.536987353282432078e+00
-2.453678994859190610e+00 -1.928185111352558101e+00 -2.532997267866414326e+00
-2.470065047579302231e+00 -1.939652314674763511e+00 -2.528980138164581781e+00
-2.486404746951241140e+00 -1.951185471165473251e+00 -2.524935964176935332e+00
-2.502697513833088472e+00 -1.962784834091926500e+00 -2.520864745903474535e+00
-2.518942764482456909e+00 -1.974450651820685021e+00 -2.516766483344199834e+00
-2.535139910555908482e+00 -1.986183167750812384e+00 -2.512641176499110340e+00
-2.551288359109130877e+00 -1.997982620246482544e+00 -2.508488825368206498e+00
-2.567387512597869126e+00 -2.009849242568999106e+00 -2.504309429951488308e+00
-2.583436768879619816e+00 -2.021783262808233061e+00 -2.500102990248956658e+00
-2.599435521216105549e+00 -2.033784903813473655e+00 -2.495869506260609771e+00
-2.615383158276519460e+00 -2.045854383123686837e+00 -2.491608977986448981e+00
-2.631279064141567314e+00 -2.057991912897189302e+00 -2.487321405426473842e+00
-2.647122618308303643e+00 -2.070197699840724326e+00 -2.483006788580684354e+00
-2.662913195695770785e+00 -2.082471945137944758e+00 -2.478665127449080963e+00
-2.678650166651451059e+00 -2.094814844377305807e+00 -2.474296422031663223e+00
-2.694332896958536061e+00 -2.107226587479345437e+00 -2.469900672328430691e+00
-2.709960747844024631e+00 -2.119707358623378557e+00 -2.465477878339384255e+00
-2.725533076045385528e+00 -2.132257336260334757e+00 -2.461028040064523470e+00
-2.741049234133451140e+00 -2.144876693508818377e+00 -2.456551157503848337e+00
-2.756508569922816232e+00 -2.157565597177920402e+00 -2.452047230657358856e+00
-2.771910426665161076e+00 -2.170324207964774654e+00 -2.447516259525055471e+00
-2.787254143127800177e+00 -2.183152680477690843e+00 -2.442958244106937293e+00
-2.802539053608307462e+00 -2.196051163161312214e+00 -2.438373184403005212e+00
-2.817764487950089602e+00 -2.209019798221250497e+00 -2.433761080413258782e+00
-2.832929771558915011e+00 -2.222058721548206162e+00 -2.429121932137698003e+00
-2.848034225420390975e+00 -2.235168062641553544e+00 -2.424455739576322877e+00
-2.863077166118423555e+00 -2.248347944532415266e+00 -2.419762502729133402e+00
-2.878057905854650045e+00 -2.261598483706210860e+00 -2.415042221596129579e+00
-2.892975752468856410e+00 -2.274919790024680921e+00 -2.410294896177311852e+00
-2.907830009460401488e+00 -2.288311966647394335e+00 -2.405520526472679332e+00
-2.922619976010628839e+00 -2.301775109952723941e+00 -2.400719112482232909e+00
-2.937344947006311546e+00 -2.315309309458307485e+00 -2.395890654205972137e+00
-2.952004213064107763e+00 -2.328914647740982335e+00 -2.391035151643897017e+00
-2.966597060556051435e+00 -2.342591200356195280e+00 -2.386152604796007992e+00
-2.981122771636091073e+00 -2.356339035756896738e+00 -2.381243013662304175e+00
-2.995580624267663694e+00 -2.370158215211898511e+00 -2.376306378242786010e+00
-3.009969892349595888e+00 -2.384048792892537794e+00 -2.371342698537453941e+00
-3.024289846125259640e+00 -2.398010816448643556e+00 -2.366351974546307524e+00
-3.038539751409258027e+00 -2.412044325529560940e+00 -2.361334206269347202e+00
-3.052718869902094401e+00 -2.426149352191306008e+00 -2.356289393706571644e+00
-3.066826459292510965e+00 -2.440325920932732817e+00 -2.351217536857982626e+00
-3.080861773293427586e+00 -2.454574048613994197e+00 -2.346118635723578816e+00
-3.094824061679066762e+00 -2.468893744374617505e+00 -2.340992690303360657e+00
-3.108712570323286073e+00 -2.483285009551198463e+00 -2.335839700597328594e+00
-3.122526541239130982e+00 -2.497747837594722409e+00 -2.330659666605482183e+00
-3.136265212619598675e+00 -2.512282213987500512e+00 -2.325452588327821424e+00
-3.149927818879654229e+00 -2.526888116159744069e+00 -2.320218465764345872e+00
-3.163513590699482236e+00 -2.541565513405762200e+00 -2.314957298915056416e+00
-3.177021755069000974e+00 -2.556314366799794957e+00 -2.309669087779953056e+00
-3.190451535333644451e+00 -2.571134629111485825e+00 -2.304353832359035348e+00
-3.203802151241414986e+00 -2.586026244720981193e+00 -2.299011532652302847e+00
-3.217072818991235206e+00 -2.600989149533682543e+00 -2.293642188659756442e+00
-3.230262751282592770e+00 -2.616023270894633601e+00 -2.288245800381395245e+00
-3.243371157366494728e+00 -2.631128527502559766e+00 -2.282822367817220588e+00
-3.256397243097747474e+00 -2.646304829323554042e+00 -2.277371890967231138e+00
-3.269340211067012003e+00 -2.661552077770167113e+00 -2.271894369831427341e+00
-3.282199260873208679e+00 -2.676870166351017044e+00 -2.266389804409809194e+00
-3.294973588660071950e+00 -2.692258978822816839e+00 -2.260858194702377144e+00
-3.307662387379188385e+00 -2.707718389798390302e+00 -2.255299540709130746e+00
-3.320264846883655530e+00 -2.723248264775910421e+00 -2.249713842430069999e+00
-3.332780153989707728e+00 -2.738848460054636558e+00 -2.244101099865194904e+00
-3.345207492539799432e+00 -2.754518822650509957e+00 -2.238461313014505460e+00
-3.357546043467141583e+00 -2.770259190211595612e+00 -2.232794481878001669e+00
-3.369794984861710585e+00 -2.786069390933381573e+00 -2.227100606455683973e+00
-3.381953492037739650e+00 -2.801949243473953022e+00 -2.221379686747551485e+00
-3.394020737602697402e+00 -2.817898556869020243e+00 -2.215631722753605093e+00
-3.405995891527778152e+00 -2.833917130446839128e+00 -2.209856714473843908e+00
-3.417878121219905641e+00 -2.850004753743010433e+00 -2.204054661908268820e+00
-3.429666591595264880e+00 -2.866161206415163143e+00 -2.198225565056879827e+00
-3.441360465154374548e+00 -2.882386258157546344e+00 -2.192369423919676041e+00
-3.452958902058706592e+00 -2.898679668615505189e+00 -2.186486238496657908e+00
-3.464461060208873011e+00 -2.915041187299880043e+00 -2.180576008787825870e+00
-3.475866095324385618e+00 -2.931470553501314136e+00 -2.174638734793179040e+00
-3.487173161024998969e+00 -2.947967496204478621e+00 -2.168674416512718750e+00
-3.498381408940713033e+00 -2.964531734403250240e+00 -2.162683053946443668e+00
-3.509489988847876329e+00 -2.981162977778935907e+00 -2.156664647094354237e+00
-3.520498048611401476e+00 -2.997860924480610034e+00 -2.150619195956450458e+00
-3.531404734335267470e+00 -3.014625261968425285e+00 -2.144546700532732331e+00
-3.542209190459212564e+00 -3.031455667034869350e+00 -2.138447160823200299e+00
-3.552910559850181560e+00 -3.048351805723758190e+00 -2.132320576827853920e+00
-3.563507983895450426e+00 -3.065313333249403360e+00 -2.126166948546692748e+00
-3.574000602597453113e+00 -3.082339893915990281e+00 -2.119986275979717671e+00
-3.584387554670308340e+00 -3.099431121037154568e+00 -2.113778559126928247e+00
-3.594667977638063672e+00 -3.116586636855776415e+00 -2.107543797988324918e+00
-3.604841007934673769e+00 -3.133806052464012115e+00 -2.101281992563906797e+00
-3.614905781005712804e+00 -3.151088967723547629e+00 -2.094993142853674328e+00
-3.624861431411844137e+00 -3.168434971186116833e+00 -2.088677248857627955e+00
-3.634707092934053474e+00 -3.185843640014272449e+00 -2.082334310575766789e+00
-3.644441898680659708e+00 -3.203314539902425206e+00 -2.075964328008092163e+00
-3.654064981196115447e+00 -3.220847224998174330e+00 -2.069567301154602745e+00
-3.663575472571602543e+00 -3.238441237823910246e+00 -2.063143230015298979e+00
-3.672972504557444839e+00 -3.256096109198739708e+00 -2.056692114590180864e+00
-3.682255208677344793e+00 -3.273811358160708007e+00 -2.050213954879248401e+00
-3.691422716248011771e+00 -3.291586492453819623e+00 -2.043708750882502478e+00
-3.700474158379087442e+00 -3.309421009141539027e+00 -2.037176502599941319e+00
-3.709408666503898111e+00 -3.327314392124612219e+00 -2.030617210031566255e+00
-3.718225372305918874e+00 -3.345266113207078007e+00 -2.024030873177376844e+00
-3.726923407827205992e+00 -3.363275632108591484e+00 -2.017417492037373083e+00
-3.735501905592798266e+00 -3.381342396394771299e+00 -2.010777066611555419e+00
-3.743959998736980488e+00 -3.399465841408198408e+00 -2.004109596899922963e+00
-3.752296821131416493e+00 -3.417645390200065858e+00 -1.997415082902476380e+00
-3.760511507515172269e+00 -3.435880453462523132e+00 -1.990693524619215449e+00
-3.768603193626631320e+00 -3.454170429461705716e+00 -1.983944922050140169e+00
-3.776571016337315179e+00 -3.472514703971476546e+00 -1.977169275195251208e+00
-3.784414113787627709e+00 -3.490912650207901091e+00 -1.970366584054547454e+00
-3.792131625524517435e+00 -3.509363628764449849e+00 -1.963536848628029352e+00
-3.799722692641086752e+00 -3.527866987547972677e+00 -1.956680068915697124e+00
-3.807186457918152023e+00 -3.546422061715436946e+00 -1.949796244917550325e+00
-3.814522065967758557e+00 -3.565028173611460183e+00 -1.942885376633589845e+00
-3.821728663378675339e+00 -3.583684632706646056e+00 -1.935947464063814794e+00
-3.828805398863867282e+00 -3.602390735536734834e+00 -1.928982507208225172e+00
-3.835751423409964556e+00 -3.621145765642597159e+00 -1.921990506066821425e+00
-3.842565890102860315e+00 -3.639948994249340153e+00 -1.914971460639603329e+00
-3.849247954061386867e+00 -3.658799680706010360e+00 -1.907925370926571551e+00
-3.855796773695725488e+00 -3.677697069929595663e+00 -1.900852236927724759e+00
-3.862211510296357453e+00 -3.696640393636674293e+00 -1.893752058643063840e+00
-3.868491328165531318e+00 -3.715628870351575408e+00 -1.886624836072588796e+00
-3.874635394775971076e+00 -3.734661705358402362e+00 -1.879470569216299181e+00
-3.880642880931532090e+00 -3.753738090654296311e+00 -1.872289258074195883e+00
-3.886512960929806582e+00 -3.772857204903959705e+00 -1.865080902646277794e+00
-3.892244812726685765e+00 -3.792018213395449866e+00 -1.857845502932545356e+00
-3.897837618102895529e+00 -3.811220267997279976e+00 -1.850583058932998792e+00
-3.903290562832504751e+00 -3.830462507116841664e+00 -1.843293570647637880e+00
-3.908602836853420470e+00 -3.849744055660164754e+00 -1.835977038076463064e+00
-3.913773634439880578e+00 -3.869064024993049689e+00 -1.828633461219473677e+00
-3.918802154376938240e+00 -3.888421512903573518e+00 -1.821262840076669720e+00
-3.923687600136969600e+00 -3.907815603566013429e+00 -1.813865174648051637e+00
-3.928429180058191417e+00 -3.927245367506193574e+00 -1.806440464933619205e+00
-3.933026107525211312e+00 -3.946709861568280076e+00 -1.798988710933373092e+00
-3.937477601151612383e+00 -3.966208128883053963e+00 -1.791509912647312186e+00
-3.941782884964581513e+00 -3.985739198837664699e+00 -1.784004070075436932e+00
-3.945941187892207935e+00 -4.005302087930612487e+00 -1.776471183217747551e+00
-3.949951743795187653e+00 -4.024895799942989960e+00 -1.768911252074243823e+00
-3.953813793508825114e+00 -4.044519323573765313e+00 -1.761324276644926190e+00
-3.957526583998469238e+00 -4.064171633726616051e+00 -1.753710256929793765e+00
-3.961089368524095544e+00 -4.083851691525866912e+00 -1.746069192928847214e+00
-3.964501406831930197e+00 -4.103558444302539243e+00 -1.738401084642086092e+00
-3.967761965347942787e+00 -4.123290825582345498e+00 -1.730705932069510844e+00
-3.970870317373209168e+00 -4.143047755075635941e+00 -1.722983735211121914e+00
-3.973825743281147460e+00 -4.162828138669357969e+00 -1.715234494066918192e+00
-3.976627530716637882e+00 -4.182630868421020942e+00 -1.707458208636900121e+00
-3.979274974797021081e+00 -4.202454822554718916e+00 -1.699654878921067702e+00
-3.981767378314987393e+00 -4.222298865459228168e+00 -1.691824504919420935e+00
-3.984104051943350822e+00 -4.242161847688206144e+00 -1.683967086631960486e+00
-3.986284314441725041e+00 -4.262042605962527375e+00 -1.676082624058685244e+00
-3.988307492865091675e+00 -4.281939963174761665e+00 -1.668171117199595876e+00
-3.990172922774273712e+00 -4.301852728395854975e+00 -1.660232566054691938e+00
-3.991879948448314508e+00 -4.321779696884012978e+00 -1.652266970623973874e+00
-3.993427923098765930e+00 -4.341719650095821059e+00 -1.644274330907442128e+00
-3.994816209085892300e+00 -4.361671355699642483e+00 -1.636254646905095367e+00
-3.996044176886416555e+00 -4.381633568525694855e+00 -1.628207918616934480e+00
-3.997111205501354458e+00 -4.401605030443725752e+00 -1.620134146042959244e+00
-3.998016685201506881e+00 -4.421584468497534282e+00 -1.612033329183169883e+00
-3.998760016200683332e+00 -4.441570596086513056e+00 -1.603905468037566617e+00
-3.999340608857550272e+00 -4.461562113008705310e+00 -1.595750562606148559e+00
-3.999757883894931698e+00 -4.481557705494683574e+00 -1.587568612888915931e+00
